13
28
33
42
44
45
62
83
88
109
121
122
123
124
129
130
137
143
151
152
153
171
185
200
203
212
221
224
232
237
250
253
277
284
299
340
346
373
387
397
408
409
441
450
453
487
495
507
512
520
530
559
560
563
600
609
611
619
622
629
632
634
643
653
654
674
689
698
701
705
708
714
715
803
811
815
816
818
819
848
854
857
888
911
917
927
940
959
985
988
994
999
1009
1014
1016
1023
1047
1051
1057
1059
1070
1074
1083
1127
1129
1134
1148
1156
1163
1167
1168
1180
1183
1187
1194
1216
1226
1234
1243
1265
1270
1278
1280
1284
1299
1306
1312
1320
1332
1345
1348
1351
1354
1371
1379
1384
1397
1400
1406
1409
1416
1417
1451
1458
1462
1474
1488
1516
1524
1525
1529
1532
1540
1548
1551
1562
1565
1566
1573
1575
1607
1616
1624
1646
1647
1650
1663
1664
1669
1672
1679
1720
1732
1733
1734
1736
1751
1798
1801
1808
1810
1839
1845
1853
1857
1859
1860
1862
1892
1932
1937
1947
1961
1963
1969
2009
2012
2016
2020
2050
2057
2059
2095
2115
2137
2168
2175
2191
2205
2217
2229
2263
2274
2277
2282
2286
2305
2312
2341
2342
2349
2358
2372
2389
2406
2414
2416
2417
2424
2432
2435
2438
2441
2463
2464
2468
2475
2487
2488
2494
2518
2520
2537
2540
2543
2546
2560
2564
2572
2573
2583
2585
2591
2600
2610
2615
2625
2629
2632
2640
2647
2656
2664
2685
2687
2689
2694
2699
2717
2718
2725
2726
2734
2736
2754
2769
2770
2790
2803
2805
2806
2811
2818
2820
2828
2832
2840
2842
2847
2854
2869
2884
2890
2917
2921
2939
2967
2973
2977
2979
2987
2993
2994
3003
3006
3017
3025
3028
3032
3050
3051
3054
3067
3074
3078
3081
3084
3092
3093
3107
3108
3109
3112
3155
3161
3164
3165
3193
3212
3218
3225
3235
3236
3266
3281
3295
3302
3305
3315
3317
3323
3331
3338
3339
3340
3354
3377
3379
3380
3383
3393
3395
3396
3400
3404
3433
3434
3445
3457
3467
3473
3474
3476
3503
3506
3507
3508
3527
3529
3560
3563
3565
3576
3584
3592
3605
3606
3622
3628
3636
3646
3653
3660
3665
3674
3687
3699
3706
3707
3722
3736
3737
3752
3755
3762
3769
3777
3786
3790
3814
3817
3835
3840
3842
3847
3857
3868
3872
3884
3909
3928
3929
3937
3943
3945
3954
3960
3963
3974
3998
4001
4003
4017
4020
4021
4026
4031
4032
4043
4045
4065
4067
4071
4074
4085
4089
4090
4104
4107
4108
4115
4125
4126
4138
4147
4155
4158
4161
4167
4184
4196
4209
4217
4222
4223
4241
4265
4269
4281
4286
4295
4309
4314
4333
4344
4356
4361
4362
4365
4376
4378
4382
4390
4392
4393
4419
4424
4426
4429
4440
4445
4458
4461
4465
4473
4480
4486
4500
4501
4516
4518
4527
4532
4537
4557
4561
4564
4615
4622
4624
4634
4639
4640
4661
4663
4677
4686
4699
4704
4708
4709
4711
4727
4730
4738
4744
4745
4757
4771
4772
4777
4779
4781
4788
4806
4813
4830
4838
4855
4858
4862
4868
4878
4886
4887
4894
4898
4930
4931
4940
4950
4961
4974
4980
4999
5012
5026
5038
5044
5052
5054
5055
5077
5085
5086
5094
5096
5100
5107
5120
5122
5146
5148
5149
5150
5152
5154
5163
5168
5174
5177
5179
5180
5182
5208
5224
5248
5259
5266
5281
5312
5321
5326
5332
5343
5348
5354
5359
5360
5368
5384
5402
5411
5417
5434
5435
5437
5467
5472
5480
5488
5507
5534
5541
5549
5562
5572
5586
5588
5600
5601
5609
5611
5619
5625
5627
5628
5648
5653
5666
5669
5679
5688
5699
5700
5703
5715
5723
5725
5726
5767
5779
5801
5806
5813
5822
5828
5829
5831
5856
5864
5876
5882
5886
5916
5921
5923
5942
5948
5972
5983
6029
6038
6057
6091
6098
6146
6162
6182
6217
6228
6230
6243
6250
6263
6271
6272
6286
6301
6306
6311
6313
6323
6327
6334
6350
6387
6420
6423
6430
6431
6460
6463
6465
6473
6480
6482
6488
6505
6542
6552
6554
6570
6571
6588
6590
6600
6617
6621
6622
6623
6624
6636
6641
6642
6650
6654
6655
6663
6666
6681
6689
6701
6703
6719
6720
6731
6738
6766
6768
6772
6773
6781
6796
6802
6805
6838
6843
6849
6850
6860
6863
6867
6871
6880
6884
6887
6900
6901
6903
6912
6915
6923
6947
6959
6964
6984
7007
7037
7040
7043
7049
7052
7065
7078
7079
7108
7127
7132
7134
7145
7146
7159
7161
7162
7179
7198
7199
7214
7229
7232
7242
7254
7272
7302
7307
7322
7325
7346
7349
7368
7372
7387
7396
7461
7464
7473
7474
7477
7482
7499
7505
7509
7530
7545
7547
7548
7550
7553
7564
7571
7574
7593
7598
7610
7630
7631
7634
7642
7651
7652
7653
7658
7664
7676
7679
7690
7718
7740
7742
7744
7778
7786
7795
7796
7801
7823
7829
7830
7836
7841
7845
7878
7899
7909
7923
7966
7967
7971
7973
7974
7976
7983
7988
7990
7992
7998
8002
8009
8011
8019
8048
8054
8057
8075
8086
8091
8104
8114
8121
8122
8130
8137
8138
8152
8153
8157
8164
8173
8183
8184
8194
8197
8202
8222
8223
8246
8248
8252
8254
8255
8256
8261
8300
8316
8320
8323
8325
8346
8347
8357
8364
8406
8434
8445
8454
8455
8461
8465
8475
8476
8477
8480
8483
8493
8499
8500
8531
8532
8539
8545
8550
8560
8572
8580
8592
8596
8597
8606
8612
8634
8635
8656
8672
8673
8679
8682
8683
8684
8692
8698
8707
8716
8729
8749
8758
8763
8771
8775
8785
8789
8790
8794
8821
8828
8830
8842
8852
8860
8863
8868
8870
8872
8879
8883
8884
8943
8951
8966
8968
8991
9003
9008
9009
9011
9016
9020
9023
9029
9030
9042
9056
9060
9067
9074
9075
9094
9100
9111
9114
9146
9147
9153
9158
9179
9181
9188
9202
9207
9210
9223
9226
9236
9239
9245
9246
9263
9264
9275
9294
9302
9329
9333
9334
9338
9379
9412
9413
9423
9424
9429
9438
9445
9448
9456
9457
9465
9466
9468
9480
9494
9502
9514
9534
9543
9544
9548
9558
9580
9581
9582
9591
9603
9605
9619
9622
9624
9671
9680
9695
9702
9714
9715
9719
9721
9745
9750
9767
9773
9785
9791
9801
9811
9815
9835
9838
9848
9849
9851
9853
9857
9872
9881
9899
9901
9949
9980
10000
10002
10008
10012
10030
10054
10056
10066
10074
10081
10082
10085
10118
10135
10139
10160
10169
10174
10181
10193
10197
10214
10218
10221
10237
10239
10248
10252
10253
10260
10266
10272
10283
10318
10323
10327
10334
10377
10388
10389
10405
10408
10409
10419
10420
10429
10439
10460
10487
10488
10497
10516
10522
10530
10553
10564
10568
10585
10591
10592
10601
10602
10605
10606
10613
10616
10631
10647
10650
10678
10700
10711
10713
10718
10720
10725
10726
10727
10733
10746
10767
10771
10784
10791
10807
10810
10815
10824
10828
10829
10841
10857
10872
10875
10886
10911
10913
10936
10943
10946
10960
10962
10964
10966
10968
10970
10971
10982
11002
11010
11028
11060
11073
11077
11097
11108
11109
11116
11121
11123
11124
11149
11159
11179
11182
11192
11193
11220
11237
11247
11261
11264
11267
11272
11289
11290
11301
11308
11312
11317
11318
11331
11336
11338
11343
11352
11367
11376
11386
11391
11393
11400
11401
11429
11435
11442
11445
11463
11472
11496
11526
11527
11535
11542
11558
11588
11593
11597
11602
11621
11637
11639
11640
11644
11670
11696
11698
11699
11707
11724
11728
11729
11735
11740
11745
11753
11769
11780
11808
11810
11813
11826
11840
11842
11864
11868
11895
11896
11897
11900
11901
11910
11915
11922
11923
11935
11940
11941
11945
11978
11980
11991
12032
12047
12062
12070
12072
12082
12088
12090
12097
12100
12104
12107
12117
12144
12155
12160
12165
12174
12178
12179
12183
12184
12189
12193
12204
12207
12212
12220
12253
12274
12285
12287
12289
12304
12305
12307
12312
12320
12345
12346
12347
12349
12351
12359
12360
12372
12378
12380
12389
12402
12403
12406
12407
12414
12418
12423
12425
12443
12446
12451
12452
12453
12480
12488
12503
12507
12513
12516
12529
12534
12540
12541
12543
12554
12559
12561
12566
12575
12577
12582
12583
12597
12609
12615
12621
12640
12647
12649
12654
12674
12705
12712
12717
12720
12730
12746
12777
12780
12794
12797
12810
12823
12824
12827
12834
12841
12844
12845
12856
12865
12868
12872
12882
12883
12902
12904
12910
12912
12914
12932
12941
12942
12947
12982
13003
13011
13022
13024
13028
13031
13034
13039
13054
13061
13070
13071
13094
13112
13116
13119
13125
13149
13160
13165
13169
13171
13180
13195
13213
13220
13234
13241
13251
13263
13265
13274
13280
13288
13291
13304
13310
13324
13354
13361
13369
13383
13394
13412
13418
13420
13422
13424
13442
13447
13449
13469
13477
13487
13509
13511
13518
13522
13537
13538
13562
13569
13571
13573
13581
13587
13601
13613
13614
13645
13656
13666
13683
13684
13686
13693
13709
13713
13716
13729
13736
13778
13783
13803
13805
13809
13810
13831
13841
13846
13861
13862
13866
13872
13895
13897
13906
13929
13932
13937
13952
13955
13992
13996
13998
13999
14011
14021
14027
14033
14034
14065
14068
14074
14079
14080
14082
14102
14105
14106
14121
14131
14150
14151
14165
14174
14178
14182
14185
14188
14194
14198
14223
14226
14233
14236
14240
14244
14252
14254
14258
14270
14289
14291
14294
14297
14305
14308
14317
14320
14327
14332
14333
14345
14358
14360
14366
14385
14416
14447
14459
14469
14476
14489
14492
14503
14507
14512
14518
14532
14538
14541
14542
14546
14575
14580
14593
14594
14595
14598
14600
14611
14617
14626
14638
14647
14650
14656
14662
14673
14677
14700
14706
14715
14723
14735
14736
14743
14749
14759
14767
14774
14793
14808
14817
14823
14825
14827
14832
14841
14850
14851
14859
14861
14887
14896
14913
14920
14936
14958
14963
14966
14977
14978
14990
15005
15006
15011
15039
15050
15053
15063
15074
15084
15105
15107
15108
15122
15132
15155
15156
15169
15186
15187
15195
15209
15223
15228
15232
15237
15238
15241
15242
15249
15253
15262
15275
15300
15306
15313
15335
15336
15338
15351
15354
15372
15383
15392
15409
15440
15449
15463
15466
15470
15474
15494
15507
15516
15533
15538
15542
15543
15550
15554
15589
15601
15604
15615
15618
15625
15633
15647
15649
15650
15654
15682
15709
15726
15728
15732
15734
15775
15785
15789
15793
15798
15821
15826
15829
15846
15852
15855
15868
15870
15871
15879
15881
15945
15954
15958
15962
15964
15972
15975
16014
16024
16038
16039
16043
16045
16092
16108
16110
16115
16149
16152
16166
16168
16175
16176
16197
16200
16213
16215
16227
16228
16231
16236
16237
16238
16251
16262
16275
16279
16294
16295
16299
16310
16313
16320
16321
16323
16339
16359
16361
16363
16367
16380
16384
16388
16391
16399
16400
16408
16420
16421
16422
16428
16429
16430
16437
16443
16464
16495
16524
16530
16554
16555
16561
16562
16566
16569
16578
16597
16611
16613
16616
16632
16638
16653
16668
16672
16705
16718
16720
16758
16766
16770
16778
16780
16791
16795
16831
16835
16861
16882
16884
16900
16901
16905
16912
16928
16939
16949
16953
16963
16965
16978
16980
16984
16998
17000
17011
17012
17028
17035
17043
17073
17075
17081
17101
17105
17115
17117
17129
17158
17163
17187
17194
17199
17203
17211
17216
17227
17245
17247
17249
17261
17268
17282
17289
17290
17293
17298
17321
17366
17368
17370
17371
17375
17393
17398
17407
17423
17435
17446
17462
17469
17472
17474
17482
17501
17502
17508
17525
17530
17532
17553
17567
17585
17591
17594
17597
17598
17611
17614
17618
17625
17656
17670
17686
17710
17721
17726
17735
17740
17755
17766
17773
17775
17791
17801
17809
17828
17840
17871
17899
17908
17909
17921
17931
17932
17934
17941
17947
17965
17992
17997
17999
18005
18011
18016
18031
18050
18060
18061
18063
18065
18105
18110
18119
18120
18122
18123
18127
18137
18138
18163
18165
18180
18183
18190
18216
18237
18238
18246
18249
18253
18263
18278
18287
18290
18293
18294
18304
18318
18323
18343
18372
18373
18381
18396
18404
18448
18468
18477
18486
18488
18498
18501
18514
18532
18548
18566
18568
18570
18582
18583
18594
18601
18605
18625
18626
18645
18646
18652
18656
18687
18691
18700
18716
18721
18726
18730
18735
18750
18766
18780
18789
18798
18819
18820
18840
18850
18861
18867
18883
18891
18894
18896
18904
18910
18940
18948
18949
18957
18986
18992
19001
19040
19045
19047
19057
19061
19073
19075
19105
19126
19146
19155
19161
19171
19177
19179
19183
19184
19186
19208
19218
19241
19253
19258
19261
19270
19323
19325
19334
19338
19339
19347
19349
19352
19354
19355
19361
19368
19372
19380
19412
19418
19422
19438
19444
19447
19458
19474
19495
19509
19515
19518
19555
19559
19564
19567
19575
19580
19594
19608
19611
19628
19632
19635
19653
19664
19673
19675
19693
19694
19701
19708
19710
19720
19735
19740
19758
19761
19791
19801
19803
19804
19808
19821
19824
19833
19837
19846
19862
19883
19901
19906
19908
19916
19920
19935
19942
19951
19953
19957
19962
19970
19976
19979
19982
19995
20000
20001
20013
20014
20015
20032
20042
20051
20063
20085
20100
20108
20115
20130
20135
20140
20145
20165
20171
20173
20185
20191
20197
20199
20200
20203
20211
20214
20225
20226
20234
20242
20249
20252
20280
20298
20313
20325
20332
20339
20340
20348
20350
20353
20357
20373
20388
20396
20403
20405
20413
20419
20437
20452
20457
20460
20467
20473
20477
20493
20503
20509
20521
20551
20559
20561
20566
20568
20572
20585
20591
20604
20608
20612
20618
20624
20630
20634
20636
20660
20684
20687
20689
20692
20706
20730
20733
20734
20735
20748
20749
20762
20773
20779
20786
20788
20790
20794
20795
20804
20812
20817
20819
20828
20856
20862
20871
20897
20898
20899
20912
20917
20921
20951
20961
20987
21000
21001
21005
21019
21022
21027
21028
21039
21049
21052
21068
21076
21077
21090
21091
21109
21126
21128
21159
21169
21174
21177
21194
21197
21199
21217
21222
21223
21228
21262
21266
21292
21300
21303
21317
21328
21331
21334
21339
21340
21352
21362
21369
21371
21382
21401
21404
21408
21412
21428
21430
21440
21446
21466
21479
21493
21497
21501
21511
21516
21537
21540
21548
21572
21584
21599
21622
21660
21673
21676
21678
21682
21687
21689
21693
21706
21714
21721
21722
21744
21779
21780
21783
21789
21803
21805
21810
21835
21838
21840
21850
21859
21878
21879
21891
21898
21910
21915
21917
21929
21962
21968
21981
21984
21989
21991
21994
21995
22002
22008
22018
22026
22046
22051
22066
22085
22101
22102
22112
22119
22135
22159
22163
22185
22190
22195
22205
22211
22222
22226
22229
22234
22239
22257
22263
22269
22279
22300
22308
22309
22312
22338
22347
22349
22361
22376
22377
22383
22385
22388
22401
22406
22422
22424
22431
22441
22442
22443
22444
22445
22470
22481
22487
22497
22501
22506
22508
22510
22517
22522
22529
22537
22542
22568
22570
22586
22588
22589
22593
22609
22624
22638
22645
22657
22664
22666
22676
22684
22688
22700
22709
22711
22713
22727
22743
22746
22748
22763
22766
22771
22772
22776
22788
22809
22828
22832
22861
22871
22889
22900
22907
22909
22913
22915
22928
22937
22945
22953
22957
22969
22980
22987
23024
23034
23044
23052
23073
23084
23088
23093
23112
23120
23129
23130
23133
23147
23161
23185
23192
23221
23222
23226
23229
23242
23248
23272
23278
23280
23293
23310
23382
23383
23388
23391
23393
23404
23417
23419
23426
23433
23434
23440
23444
23455
23458
23462
23464
23474
23475
23481
23484
23501
23514
23516
23521
23527
23534
23546
23547
23556
23560
23565
23573
23584
23585
23592
23606
23614
23615
23621
23628
23630
23633
23635
23636
23646
23661
23667
23674
23688
23691
23697
23700
23705
23710
23736
23740
23744
23747
23760
23766
23777
23784
23785
23798
23801
23822
23836
23848
23852
23854
23855
23865
23892
23898
23907
23913
23924
23926
23929
23930
23935
23949
23953
23957
23962
23971
23979
24012
24016
24017
24021
24022
24026
24030
24038
24041
24044
24049
24051
24082
24108
24118
24131
24142
24162
24166
24178
24182
24196
24244
24252
24256
24257
24262
24282
24283
24291
24292
24297
24306
24317
24325
24339
24345
24351
24355
24363
24387
24388
24394
24402
24410
24423
24431
24432
24436
24449
24450
24458
24463
24467
24472
24492
24494
24507
24512
24515
24521
24542
24549
24556
24566
24583
24590
24592
24602
24607
24621
24627
24629
24645
24650
24655
24665
24673
24679
24696
24707
24712
24718
24729
24733
24741
24747
24759
24763
24774
24777
24787
24799
24818
24828
24833
24840
24842
24845
24853
24863
24898
24903
24907
24926
24931
24944
24970
24974
25056
25064
25065
25067
25070
25072
25075
25087
25090
25101
25115
25136
25137
25164
25196
25200
25202
25207
25211
25229
25237
25240
25257
25258
25261
25281
25284
25285
25296
25316
25325
25328
25329
25332
25345
25353
25375
25376
25387
25420
25430
25448
25451
25468
25476
25478
25486
25487
25495
25497
25499
25523
25526
25532
25542
25564
25567
25569
25575
25579
25580
25592
25593
25600
25605
25613
25642
25652
25674
25675
25707
25712
25732
25740
25754
25756
25758
25770
25778
25785
25794
25800
25801
25803
25812
25815
25846
25852
25853
25857
25862
25866
25902
25905
25914
25916
25917
25919
25928
25934
25942
25943
25955
25982
25991
25994
26008
26015
26039
26060
26062
26067
26122
26134
26148
26153
26157
26159
26176
26180
26193
26199
26205
26210
26213
26224
26234
26247
26248
26270
26284
26289
26301
26320
26321
26322
26345
26352
26357
26359
26361
26387
26388
26397
26398
26402
26422
26428
26449
26452
26461
26463
26480
26494
26514
26516
26529
26537
26540
26543
26546
26561
26564
26567
26570
26575
26581
26590
26610
26641
26644
26653
26663
26668
26670
26675
26683
26686
26691
26692
26694
26697
26699
26706
26707
26716
26722
26726
26729
26733
26739
26754
26765
26775
26776
26797
26801
26810
26824
26830
26849
26854
26865
26870
26872
26880
26884
26885
26890
26898
26920
26930
26938
26962
26989
26995
27034
27037
27058
27061
27065
27072
27076
27078
27091
27106
27108
27110
27115
27118
27121
27137
27138
27148
27172
27185
27193
27195
27198
27203
27208
27220
27224
27235
27240
27250
27257
27261
27262
27263
27265
27273
27274
27276
27286
27297
27306
27327
27333
27335
27341
27362
27368
27370
27371
27385
27386
27406
27408
27419
27428
27432
27450
27464
27478
27482
27490
27503
27525
27540
27541
27563
27568
27569
27582
27595
27598
27609
27624
27652
27657
27660
27663
27713
27721
27722
27734
27743
27744
27745
27756
27759
27767
27768
27770
27772
27775
27778
27779
27792
27804
27809
27810
27828
27845
27858
27859
27864
27892
27893
27897
27899
27904
27906
27916
27920
27938
27942
27950
27952
27955
27957
27997
28014
28017
28046
28049
28059
28060
28067
28085
28086
28087
28099
28107
28109
28113
28114
28133
28141
28151
28153
28167
28174
28182
28186
28235
28243
28255
28282
28287
28288
28293
28305
28314
28319
28328
28334
28350
28359
28360
28376
28377
28378
28380
28384
28389
28392
28408
28423
28427
28431
28445
28455
28457
28462
28485
28493
28495
28515
28534
28549
28553
28567
28578
28579
28584
28587
28596
28603
28621
28627
28630
28633
28636
28646
28668
28679
28686
28698
28709
28718
28723
28730
28746
28749
28757
28778
28791
28798
28801
28803
28825
28830
28833
28840
28879
28881
28885
28886
28894
28906
28910
28919
28940
28948
