31
65
76
95
102
141
189
200
247
273
279
280
287
293
306
332
334
339
342
394
409
444
455
459
466
492
504
528
532
573
575
625
628
668
757
769
770
866
870
878
911
915
952
984
1024
1047
1096
1121
1122
1131
1176
1212
1233
1272
1280
1329
1364
1365
1394
1423
1427
1436
1440
1453
1455
1460
1500
1545
1551
1565
1581
1609
1612
1615
1621
1644
1811
1815
1839
1844
1847
1856
1889
1903
1936
1943
1950
1968
2011
2028
2128
2130
2171
2177
2195
2205
2221
2248
2252
2262
2297
2343
2358
2360
2397
2433
2450
2460
2470
2511
2545
2546
2569
2600
2628
2647
2654
2656
2682
2690
2705
2732
2735
2756
2765
2775
2782
2783
2822
2832
2882
2932
2943
2973
3006
3017
3026
3042
3072
3078
3095
3098
3121
3143
3145
3157
3175
3196
3206
3226
3232
3265
3315
3323
3356
3367
3407
3421
3467
3483
3491
3508
3515
3540
3560
3580
3619
3626
3627
3646
3688
3722
3731
3742
3749
3759
3782
3795
3811
3826
3833
3839
3930
3980
4010
4029
4040
4045
4060
4101
4126
4151
4168
4172
4183
4186
4196
4220
4261
4263
4289
4304
4389
4410
4423
4472
4496
4548
4571
4602
4614
4659
4689
4741
4777
4829
4836
4844
4892
4898
4913
4989
5009
5012
5037
5061
5093
5115
5223
5240
5249
5254
5259
5266
5272
5301
5305
5315
5334
5380
5405
5436
5450
5477
5480
5498
5535
5541
5559
5567
5626
5629
5652
5660
5661
5665
5695
5714
5731
5733
5734
5756
5795
5807
5821
5835
5840
5864
5872
5874
5947
5955
5961
5967
5971
5982
5985
5992
6022
6038
6043
6081
6092
6097
6141
6157
6159
6178
6227
6251
6286
6298
6316
6318
6331
6332
6360
6378
6383
6389
6393
6445
6453
6480
6481
6489
6531
6535
6542
6567
6578
6622
6662
6667
6670
6686
6707
6713
6788
6791
6798
6819
6832
6842
6846
6848
6852
6869
6880
6895
6909
6914
6924
6941
6986
7025
7059
7082
7097
7113
7124
7155
7189
7229
7230
7249
7260
7262
7312
7313
7341
7408
7421
7425
7429
7448
7460
7464
7480
7481
7482
7499
7502
7507
7521
7636
7675
7676
7682
7688
7691
7693
7702
7717
7721
7726
7727
7738
7759
7789
7794
7813
7819
7842
7885
7895
7921
7924
7932
7989
8006
8015
8053
8062
8067
8080
8082
8102
8111
8113
8122
8156
8208
8221
8230
8250
8255
8276
8289
8305
8326
8339
8341
8375
8377
8443
8452
8467
8473
8486
8493
8501
8546
8554
8620
8656
8723
8761
8766
8777
8795
8825
8835
8849
8851
8859
8862
8883
8899
8912
8951
8972
8983
8994
8995
9020
9048
9067
9070
9099
9129
9144
9174
9180
9183
9194
9219
9237
9248
9261
9275
9298
9312
9324
9331
9354
9382
9383
9389
9394
9406
9422
9443
9502
9526
9538
9556
9566
9578
9581
9584
9622
9632
9639
9651
9656
9660
9661
9706
9757
9776
9782
9801
9804
9867
9870
9877
9907
9910
9918
9919
9960
10040
10057
10068
10100
10107
10165
10177
10178
10199
10209
10213
10219
10231
10263
10266
10343
10369
10371
10382
10410
10435
10448
10472
10484
10510
10519
10537
10538
10556
10561
10573
10575
10596
10612
10627
10640
10688
10705
10734
10743
10763
10774
10788
10793
10812
10822
10874
10880
10943
10961
10981
10986
11001
11013
11028
11034
11045
11049
11059
11065
11072
11091
11170
11208
11222
11227
11266
11270
11274
11299
11336
11364
11396
11397
11408
11414
11423
11437
11440
11447
11472
11477
11479
11484
11508
11573
11589
11625
11648
11654
11668
11722
11726
11736
11760
11786
11804
11811
11844
11889
11916
11926
11935
11994
11996
11998
12003
12059
12071
12095
12111
12115
12129
12131
12215
12217
12250
12296
12304
12315
12334
12338
12343
12380
12402
12404
12415
12436
12453
12462
12497
12513
12534
12585
12607
12615
12621
12658
12701
12702
12724
12729
12770
12775
12786
12788
12789
12824
12839
12940
12944
12973
13007
13016
13021
13034
13048
13049
13054
13055
13058
13092
13117
13199
13242
13374
13379
13384
13400
13431
13474
13565
13566
13578
13592
13623
13628
13670
13680
13693
13700
13781
13796
13829
13852
13957
14087
14088
14131
14180
14233
14275
14280
14281
14285
14309
14334
14335
14355
14373
14378
14404
14417
14470
14498
14509
14517
14525
14526
14534
14542
14556
14572
14584
14604
14605
14624
14641
14711
14761
14779
14782
14802
14817
14846
14874
14880
14886
14888
14904
14919
14925
14933
14952
14959
14969
14991
15013
15014
15039
15043
15058
15071
15073
15079
15090
15097
15126
15169
15179
15190
15210
15248
15261
15281
15282
15321
15347
15370
15372
15376
15390
15392
15517
15539
15551
15565
15592
15637
15654
15666
15675
15688
15724
15728
15767
15773
15786
15817
15850
15859
15872
15893
15905
15986
16090
16120
16131
16134
16145
16279
16337
16344
16348
16376
16379
16397
16427
16456
16461
16484
16504
16506
16510
16528
16540
16546
16552
16558
16658
16704
16734
16744
16750
16773
16807
16854
16871
16878
16904
16931
16955
16956
16974
17021
17047
17066
17069
17096
17114
17139
17146
17200
17207
17234
17237
17244
17253
17267
17301
17337
17357
17365
17371
17383
17417
17499
17504
17508
17533
17536
17541
17544
17564
17590
17592
17598
17641
17642
17652
17678
17713
17716
17717
17723
17740
17748
17774
17779
17798
17803
17905
17925
17961
17962
18006
18009
18038
18049
18080
18085
18122
18158
18159
18188
18197
18208
18217
18223
18227
18239
18258
18273
18300
18332
18351
18357
18399
18444
18497
18516
18563
18566
18568
18575
18579
18586
18593
18598
18610
18613
18639
18652
18682
18700
18708
18712
18728
18750
18814
18829
18832
18844
18856
18861
18879
18906
18932
18947
18953
18973
18982
18990
19034
19065
19072
19088
19090
19139
19195
19235
19261
19335
19359
19366
19392
19402
19465
19502
19510
19518
19524
19544
19554
19557
19583
19596
19598
19605
19617
19624
19641
19643
19656
19679
19691
19698
19707
19726
19742
19745
19750
19757
19765
19769
19783
19793
19800
19801
19808
19850
19916
19920
19924
19927
19967
19989
19991
20000
20006
20027
20034
20046
20098
20104
20148
20182
20192
20199
20222
20235
20273
20294
20318
20397
20468
20475
20480
20482
20490
20492
20563
20577
20590
20613
20620
20627
20638
20642
20656
20714
20729
20802
20836
20840
20847
20854
20875
20883
20906
20913
20916
20925
20931
20951
20977
21003
21007
21031
21035
21038
21039
21052
21079
21092
21120
21144
21158
21189
21205
21219
21230
21239
21259
21301
21318
21354
21395
21422
21429
21465
21509
21511
21520
21547
21592
21603
21616
21632
21660
21769
21774
21775
21827
21828
21855
21902
21906
21909
21933
21983
21990
22009
22047
22053
22094
22106
22120
22128
22165
22198
22216
22223
22272
22311
22359
22361
22402
22406
22409
22466
22467
22469
22480
22497
22509
22513
22545
22584
22605
22638
22670
22676
22696
22745
22760
22792
22826
22833
22853
22867
22876
22888
22909
22932
22955
23006
23029
23032
23060
23066
23077
23083
23086
23144
23155
23164
23178
23202
23220
23222
23230
23254
23260
23344
23364
23369
23389
23401
23402
23427
23470
23480
23486
23505
23508
23511
23526
23545
23558
23572
23579
23652
23665
23670
23686
23701
23713
23719
23725
23821
23825
23860
23863
23874
23922
23955
23958
23966
23982
23986
24020
24081
24093
24094
24126
24129
24184
24186
24187
24190
24199
24295
24328
24336
24354
24370
24383
24413
24415
24436
24447
24465
24468
24477
24495
24516
24538
24544
24573
24614
24635
24650
24676
24706
24737
24747
24787
24811
24870
24921
24932
25034
25038
25040
25103
25133
25140
25173
25185
25227
25244
25258
25278
25325
25340
25359
25391
25398
25417
25448
25471
25483
25499
25509
25511
25515
25516
25532
25538
25587
25591
25602
25644
25680
25690
25707
25722
25724
25728
25763
25776
25805
25808
25850
25858
25860
25863
25874
25875
25884
25887
25900
25906
25926
25961
25973
26025
26030
26044
26083
26129
26145
26149
26156
26162
26179
26181
26242
26260
26268
26272
26282
26297
26322
26380
26386
26404
26405
26414
26423
26438
26468
26471
26476
26492
26512
26531
26549
26586
26594
26657
26660
26710
26724
26730
26758
26797
26829
26834
26905
26932
26955
26976
26989
26994
27011
27015
27033
27047
27126
27147
27181
27198
27203
27231
27240
27243
27301
27326
27329
27374
27390
27415
27440
27441
27443
27460
27472
27477
27481
27559
27562
27569
27578
27599
27626
27628
27636
27647
27661
27662
27680
27689
27698
27705
27737
27769
27772
27781
27789
27794
27820
27827
27832
27854
27882
27895
27904
27908
27927
27931
27933
27939
27954
27972
28010
28018
28023
28037
28066
28097
28108
28110
28113
28127
28145
28147
28200
28202
28204
28213
28232
28245
28253
28275
28277
28307
28312
28318
28324
28349
28371
28377
28403
28431
28453
28486
28522
28523
28535
28555
28556
28557
28583
28620
28652
28654
28662
28690
28716
28743
28805
28807
28831
28845
28863
28875
28879
28897
28901
28907
28909
28916
28932
28936
28991
29022
29024
29025
29027
29035
29053
29068
29099
29133
29140
29145
29152
29211
29222
29248
29255
29260
29270
29326
29402
29420
29424
29434
29460
29495
29509
29528
29575
29590
29607
29608
29625
29640
29660
29666
29710
29747
29805
29819
29846
29856
29872
29877
29882
29892
29896
29905
29951
30009
30010
30027
30028
30034
30052
30055
30094
30134
30171
30172
30174
30190
30314
30359
30384
30404
30419
30448
30451
30455
30505
30527
30542
30553
30564
30606
30627
30630
30693
30710
30711
30727
30730
30732
30746
30770
30773
30791
30836
30841
30859
30978
30982
30993
30994
31020
31056
31070
31091
31126
31136
31167
31205
31214
31226
31293
31297
31341
31346
31352
31418
31431
31433
31450
31464
31471
31543
31545
31554
31556
31584
31585
31595
31599
31661
31687
31695
31703
31713
31717
31722
31762
31771
31779
31831
31839
31844
31871
31899
31901
31948
31963
31971
31977
31998
31999
32006
32008
32015
32039
32045
32079
32115
32116
32161
32167
32186
32260
32265
32283
32300
32319
32367
32369
32379
32407
32426
32429
32438
32442
32462
32471
32488
32492
32515
32527
32541
32558
32580
32594
32614
32621
32624
32649
32657
32674
32691
32697
32717
32720
32738
32772
32774
32801
32810
32828
32847
32859
32867
32893
32904
32905
32914
32921
32928
32942
32963
32991
32998
33046
33059
33061
33065
33084
33089
33128
33129
33161
33210
33231
33324
33355
33363
33368
33384
33395
33403
33408
33436
33469
33555
33591
33593
33602
33611
33615
33626
33673
33725
33727
33764
33777
33790
33826
33901
33941
33945
33974
34012
34048
34083
34087
34104
34119
34120
34130
34133
34156
34185
34195
34203
34220
34232
34233
34261
34277
34283
34290
34337
34358
34400
34401
34403
34404
34413
34415
34429
34450
34473
34498
34508
34529
34554
34560
34562
34576
34633
34645
34650
34658
34712
34768
34781
34817
34829
34847
34849
34956
34958
34967
35006
35008
35036
35096
35126
35141
35154
35161
35177
35192
35199
35207
35214
35221
35234
35240
35256
35270
35275
35327
35334
35340
35387
35391
35431
35453
35501
35596
35610
35686
35699
35705
35707
35730
35746
35757
35775
35777
35783
35824
35828
35847
35867
35879
35885
35899
35903
35967
36004
36005
36014
36095
36099
36119
36121
36127
36141
36174
36192
36251
36275
36293
36311
36326
36368
36398
36441
36472
36518
36537
36557
36603
36609
36641
36659
36661
36697
36699
36707
36731
36743
36796
36820
36822
36846
36875
36903
36945
36946
36993
37001
37011
37026
37074
37104
37116
37124
37136
37150
37167
37195
37244
37245
37292
37317
37324
37360
37381
37387
37391
37393
37395
37476
37485
37493
37516
37523
37537
37553
37568
37571
37587
37595
37603
37644
37664
37691
37721
37740
37773
37777
37814
37815
37840
37857
37887
37898
37913
37921
37929
37940
37952
37953
37977
38005
38012
38037
38132
38137
38150
38165
38189
38233
38237
38259
38272
38303
38338
38352
38376
38387
38392
38399
38416
38448
38475
38500
38529
38532
38544
38550
38552
38599
38639
38644
38645
38678
38713
38715
38731
38752
38773
38775
38780
38783
38811
38829
38992
39017
39020
39079
39154
39173
39226
39253
39269
39310
39367
39374
39376
39386
39402
39406
39436
39441
39450
39487
39512
39535
39608
39613
39625
39634
39641
39697
39705
39717
39722
39724
39766
39769
39770
39776
39845
39851
39852
39854
39887
39893
39906
39917
39920
39921
39922
39927
39951
39961
40031
40036
40037
40040
40045
40072
40077
40168
40172
40201
40206
40218
40252
40275
40321
40362
40387
40398
40401
40410
40414
40436
40456
40470
40496
40505
40521
40528
40567
40569
40575
40581
40590
40593
40658
40676
40683
40696
40700
40735
40752
40818
40830
40835
40843
40942
40952
40962
40994
41019
41056
41069
41103
41242
41264
41362
41368
41419
41424
41425
41492
41512
41613
41626
41635
41645
41671
41677
41693
41717
41728
41744
41746
41766
41793
41823
41845
41862
41876
41893
41900
41910
41913
41968
41969
42007
42024
42031
42075
42076
42084
42090
42094
42116
42133
42145
42182
42197
42281
42301
42309
42374
42425
42427
42537
42551
42588
42598
42609
42610
42677
42681
42696
42699
42729
42752
42797
42805
42807
42833
42838
42841
42855
42858
42870
42882
42896
42914
42915
42945
42961
42972
42994
42996
43055
43095
43150
43166
43172
43218
43231
43250
43252
43279
43317
43347
43352
43379
43408
43471
43486
43489
43493
43506
43602
43618
43624
43663
43671
43672
43699
43705
43728
43738
43748
43775
43784
43833
43841
43847
43876
43931
43982
43987
44006
44033
44045
44051
44068
44072
44164
44183
44222
44233
44234
44236
44290
44298
44310
44326
44351
44358
44359
44361
44371
44390
44396
44398
44450
44488
44494
44510
44558
44581
44584
44590
44645
44725
44817
44826
44833
44834
44837
44962
44966
45011
45060
45063
45064
45086
45109
45130
45138
45153
45181
45190
45217
45254
45256
45262
45278
45314
45317
45350
45351
45353
45374
45387
45405
45459
45462
45493
45501
45515
45535
45541
45543
45559
45576
45592
45603
45604
45623
45630
45632
45636
45659
45687
45689
45698
45723
45749
45763
45773
45793
45813
45818
45832
45865
45876
45881
45886
45917
45940
45941
45947
45948
45962
45975
45985
46010
46025
46044
46056
46068
46085
46088
46109
46121
46130
46146
46193
46214
46225
46232
46269
46273
46274
46295
46313
46317
46333
46386
46418
46425
46429
46439
46440
46478
46548
46559
46578
46607
46631
46639
46653
46654
46656
46705
46781
46831
46834
46859
46931
46959
46960
47009
47031
47067
47075
47080
47083
47102
47111
47122
47145
47146
47166
47168
47188
47190
47204
47208
47232
47244
47331
47374
47397
47398
47401
47407
47446
47469
47519
47539
47543
47594
47669
47718
47720
47795
47807
47813
47816
47854
47865
47904
47929
47961
47981
47990
48037
48047
48055
48062
48082
48095
48107
48132
48143
48149
48151
48153
48155
48169
48199
48216
48257
48262
48269
48301
48305
48310
48317
48335
48336
48356
48371
48382
48384
48417
48419
48420
48425
48451
48454
48503
48540
48601
48602
48614
48629
48648
48676
48707
48716
48725
48757
48791
48799
48806
48808
48813
48820
48824
48873
48890
48921
48936
48958
48969
48985
48992
49003
49008
49023
49061
49072
49083
49084
49088
49095
49108
49145
49160
49184
49226
49231
49250
49256
49277
49327
49341
49370
49397
49408
49425
49426
49427
49485
49512
49544
49549
49569
49590
49645
49692
49709
49721
49764
49771
49805
49824
49828
49841
49842
49857
49872
49877
49919
49931
49950
49963
49969
50040
50050
50109
50117
50131
50148
50150
50188
50204
50205
50244
50250
50278
50283
50289
50291
50292
50299
50307
50308
50335
50388
50407
50421
50453
50454
50484
50490
50491
50504
50534
50554
50576
50590
50604
50609
50634
50655
50743
50764
50782
50827
50863
50864
50872
50907
50927
50930
50965
50984
50989
51031
51059
51088
51103
51130
51205
51217
51239
51282
51283
51300
51308
51368
51369
51390
51412
51487
51491
51509
51572
51600
51607
51656
51693
51706
51728
51740
51795
51821
51869
51890
51898
51917
51918
51933
51980
51981
51989
52026
52069
52082
52089
52090
52097
52114
52136
52155
52158
52196
52204
52228
52248
52250
52255
52257
52292
52294
52304
52325
52339
52349
52365
52374
52379
52388
52394
52419
52425
52450
52458
52472
52483
52504
52538
52540
52552
52557
52562
52586
52592
52599
52687
52708
52717
52729
52740
52777
52786
52794
52797
52818
52864
52897
52922
52931
52938
52941
52967
52983
52999
53003
53004
53012
53020
53056
53066
53082
53115
53124
53144
53207
53229
53242
53265
53272
53279
53292
53301
53303
53313
53315
53327
53342
53382
53395
53402
53411
53417
53431
53436
53447
53459
53470
53480
53503
53507
53514
53625
53626
53638
53642
53650
53712
53726
53752
53781
53797
53807
53865
53921
53935
53974
53999
54003
54013
54031
54045
54083
54122
54123
54129
54136
54139
54194
54200
54203
54219
54279
54298
54303
54329
54389
54396
54402
54405
54422
54436
54447
54448
54460
54543
54544
54580
54583
54594
54595
54606
54620
54649
54693
54736
54760
54780
54783
54874
54881
54891
54918
54994
55006
55017
55046
55053
55060
55120
55150
55228
55263
55268
55275
55277
55327
55394
55444
55459
55474
55517
55526
55537
55619
55635
55647
55653
55728
55761
55766
55810
55878
55887
55908
55919
55952
55966
55998
56013
56026
56053
56060
56086
56148
56153
56171
56173
56185
56201
56219
56232
56251
56272
56280
56311
56318
56319
56320
56338
56362
56391
56395
56401
56407
56474
56525
56531
56561
56563
56574
56592
56600
56601
56609
56623
56635
56637
56643
56649
56679
56713
56749
56751
56759
56774
56776
56796
56808
56810
56834
56867
56873
56881
56900
56911
56958
56989
57034
57046
57064
57066
57087
57088
57106
57112
57118
57163
57218
57250
57254
57266
57338
57348
57370
57376
57418
57422
57432
57440
57479
57481
57485
57488
57489
57510
57528
57563
57596
57629
57666
57671
57697
57718
57725
57731
57735
57765
57766
57775
57798
57822
57890
57895
57921
57928
57949
57968
57996
58006
58036
58042
58058
58074
58113
58134
58147
58148
58164
58182
58198
58230
58235
58296
58327
58328
58329
58388
58414
58421
58423
58428
58433
58446
58448
58452
58466
58487
58539
58555
58594
58610
58619
58632
58652
58656
58665
58695
58721
58722
58728
58735
58755
58773
58844
58858
58873
58877
58888
58896
58905
58975
58977
59011
59022
59026
59040
59056
59080
59106
59107
59119
59122
59127
59137
59161
59210
59214
59215
59238
59241
59280
59322
59323
59342
59348
59467
59481
59511
59515
59544
59559
59571
59585
59588
59635
59647
59681
59708
59721
59724
59744
59763
59765
59771
59775
59805
59826
59891
59894
59916
59923
59962
60018
60036
60063
60105
60110
60124
60152
60158
60179
60210
60225
60229
60245
60262
60265
60293
60294
60318
60334
60336
60338
60345
60394
60459
60470
60505
60531
60538
60566
60571
60640
60643
60644
60675
60678
60680
60698
60699
60722
60739
60740
60759
60764
60799
60813
60830
60831
60873
60902
60936
60992
61010
61016
61036
61040
61049
61071
61091
61118
61124
61135
61159
61233
61234
61242
61259
61265
61271
61276
61288
61290
61293
61299
61322
61327
61355
61368
61428
61462
61473
61505
61518
61529
61544
61565
61578
61627
61662
61671
61677
61722
61724
61730
61771
61812
61825
61864
61878
61887
61916
61925
61933
61934
61939
61953
61972
61979
61987
61998
62007
62031
62073
62083
62139
62141
62184
62188
62219
62244
62250
62253
62307
62332
62358
62412
62413
62426
62433
62505
62521
62531
62545
62548
62570
62585
62650
62671
62693
62700
62731
62783
62810
62812
62868
62874
62896
62913
62930
62985
63010
63014
63049
63072
63147
63156
63160
63198
63221
63252
63302
63321
63329
63335
63337
63339
63401
63411
63417
