42
87
102
127
136
137
189
253
267
331
365
373
377
385
391
392
408
445
446
453
456
528
545
592
607
616
619
656
674
707
710
766
772
832
840
892
1009
1027
1029
1156
1168
1171
1215
1222
1282
1313
1370
1408
1464
1494
1500
1506
1573
1624
1640
1701
1716
1770
1814
1823
1855
1907
1909
1910
1915
1920
1949
1954
1955
2000
2062
2072
2083
2104
2159
2166
2175
2207
2419
2421
2456
2466
2474
2485
2537
2559
2588
2593
2605
2642
2677
2703
2855
2863
2904
2918
2926
2938
2968
3004
3010
3017
3069
3136
3140
3146
3214
3269
3292
3308
3310
3348
3400
3402
3429
3469
3496
3531
3556
3560
3598
3607
3611
3639
3676
3686
3689
3708
3713
3725
3756
3769
3857
3920
3934
3997
4019
4042
4049
4063
4122
4123
4133
4159
4174
4191
4216
4220
4244
4289
4293
4309
4328
4348
4421
4451
4469
4520
4544
4570
4626
4638
4658
4699
4705
4756
4774
4791
4831
4867
4875
4904
4978
4999
5006
5012
5023
5065
5095
5106
5114
5142
5154
5268
5339
5376
5388
5407
5427
5433
5456
5534
5539
5569
5574
5584
5620
5640
5674
5679
5713
5721
5760
5853
5907
5921
5992
5999
6059
6121
6146
6161
6259
6305
6363
6375
6428
6458
6464
6570
6582
6585
6658
6662
6664
6743
6780
6797
6834
6949
6994
7035
7041
7042
7061
7063
7075
7096
7115
7174
7204
7242
7308
7328
7351
7363
7369
7370
7409
7432
7459
7521
7529
7531
7539
7547
7573
7600
7620
7630
7646
7680
7730
7761
7769
7777
7783
7807
7810
7877
7893
7925
7933
7936
7944
7950
7957
7987
7994
8050
8099
8102
8103
8111
8160
8163
8185
8242
8249
8272
8294
8337
8440
8441
8455
8456
8485
8497
8509
8531
8541
8542
8560
8635
8640
8675
8687
8690
8725
8727
8782
8791
8818
8851
8876
8881
8907
8927
8933
8995
9045
9071
9116
9127
9146
9147
9153
9175
9197
9213
9230
9241
9264
9278
9288
9342
9430
9465
9477
9485
9495
9502
9527
9570
9575
9638
9645
9658
9671
9696
9732
9740
9784
9793
9892
9897
9921
9934
9942
9960
9961
9973
9981
9988
10004
10029
10030
10059
10179
10216
10248
10266
10286
10298
10336
10338
10341
10348
10375
10382
10385
10418
10419
10424
10465
10488
10504
10553
10615
10622
10625
10630
10657
10681
10683
10723
10777
10791
10794
10809
10816
10826
10850
10902
10909
10939
10988
11017
11022
11044
11046
11055
11084
11121
11141
11166
11174
11237
11258
11321
11347
11352
11359
11385
11393
11436
11486
11569
11625
11685
11692
11711
11734
11762
11764
11765
11776
11779
11784
11797
11832
11858
11880
11934
11973
11987
12035
12049
12068
12078
12080
12093
12097
12103
12143
12222
12230
12242
12280
12292
12322
12330
12335
12343
12370
12372
12422
12450
12501
12531
12532
12542
12545
12583
12584
12600
12633
12692
12705
12717
12726
12774
12784
12785
12790
12808
12823
12858
12863
12881
12910
12912
12931
12943
12994
13042
13052
13106
13161
13164
13185
13213
13214
13282
13292
13299
13325
13347
13436
13459
13462
13469
13524
13529
13535
13562
13564
13624
13626
13669
13682
13722
13735
13764
13766
13767
13803
13813
13815
13862
13910
13918
13924
13977
14017
14025
14044
14071
14147
14160
14166
14170
14181
14182
14229
14295
14315
14318
14332
14362
14401
14408
14433
14440
14466
14492
14576
14582
14616
14623
14652
14698
14700
14706
14718
14735
14746
14751
14776
14788
14819
14857
14871
14900
15028
15038
15048
15069
15079
15098
15143
15166
15193
15208
15260
15282
15299
15300
15304
15309
15321
15341
15357
15368
15380
15413
15427
15482
15561
15577
15582
15679
15695
15746
15764
15789
15803
15815
15835
15868
15880
15922
15954
15993
16014
16058
16097
16106
16124
16135
16165
16204
16232
16256
16284
16285
16313
16349
16393
16404
16427
16476
16506
16538
16578
16581
16639
16666
16668
16678
16734
16746
16751
16755
16797
16827
16829
16870
16922
16923
16932
16977
17009
17017
17042
17070
17103
17142
17165
17218
17333
17360
17371
17394
17399
17441
17477
17511
17514
17516
17522
17535
17553
17605
17722
17803
17871
17891
17955
17964
18045
18054
18079
18131
18195
18200
18249
18270
18312
18331
18343
18382
18424
18536
18580
18598
18748
18782
18792
18891
18956
19087
19089
19091
19105
19108
19143
19144
19155
19191
19238
19247
19260
19284
19298
19326
19365
19390
19454
19464
19487
19493
19509
19533
19547
19550
19559
19644
19681
19692
19695
19718
19721
19788
19818
19824
19850
19901
19927
19945
19981
19985
19987
19992
20003
20053
20070
20074
20077
20085
20094
20096
20127
20164
20166
20171
20183
20205
20215
20261
20271
20300
20380
20428
20431
20462
20464
20476
20512
20520
20552
20626
20659
20695
20761
20766
20815
20846
20874
20876
20898
20957
20991
21023
21031
21093
21128
21163
21165
21178
21182
21213
21226
21251
21298
21397
21460
21483
21536
21550
21657
21797
21822
21851
21903
21914
21921
21953
21995
22019
22065
22090
22111
22121
22135
22145
22146
22154
22155
22202
22207
22292
22352
22358
22379
22422
22478
22508
22519
22575
22578
22598
22609
22625
22753
22793
22798
22840
22885
22939
22960
22965
22995
22997
23009
23035
23051
23090
23097
23099
23111
23170
23171
23198
23218
23243
23267
23296
23303
23313
23324
23360
23423
23472
23507
23510
23527
23528
23587
23607
23613
23628
23632
23652
23666
23670
23671
23685
23696
23750
23764
23790
23821
23843
23861
23896
23936
24009
24012
24081
24094
24105
24127
24203
24272
24284
24288
24306
24322
24353
24356
24393
24397
24418
24449
24514
24518
24580
24592
24594
24638
24657
24698
24727
24761
24780
24800
24812
24830
24837
24867
24870
24871
24881
24915
24927
24969
25012
25023
25041
25069
25070
25076
25100
25116
25203
25230
25235
25278
25308
25327
25342
25350
25353
25364
25374
25389
25392
25478
25479
25553
25574
25662
25716
25760
25783
25877
25885
25940
25950
25991
26019
26029
26091
26104
26129
26146
26182
26199
26206
26220
26241
26254
26265
26280
26298
26300
26327
26328
26332
26335
26337
26362
26398
26412
26421
26462
26464
26471
26482
26488
26508
26509
26545
26620
26623
26650
26693
26694
26703
26713
26726
26815
26836
26837
26874
26901
26923
26947
26967
26995
27006
27017
27032
27048
27164
27333
27373
27393
27396
27411
27436
27437
27438
27461
27525
27574
27575
27587
27590
27624
27707
27716
27760
27802
27815
27822
27846
27872
27876
27890
27952
27992
28005
28006
28044
28060
28097
28116
28121
28137
28143
28157
28159
28179
28187
28242
28258
28290
28293
28307
28309
28359
28362
28383
28413
28461
28498
28528
28530
28542
28627
28648
28724
28740
28757
28773
28805
28874
28922
28972
29052
29092
29115
29140
29227
29228
29238
29255
29294
29309
29331
29444
29482
29507
29603
29621
29623
29651
29652
29669
29698
29699
29707
29759
29760
29778
29863
29901
29923
29973
30014
30035
30040
30105
30120
30130
30139
30144
30184
30210
30236
30296
30370
30376
30383
30421
30422
30450
30455
30479
30527
30540
30555
30596
30627
30647
30649
30679
30724
30742
30745
30778
30794
30803
30876
30907
30925
30938
30942
30971
30984
31059
31118
31121
31125
31137
31196
31221
31241
31272
31294
31297
31346
31349
31351
31376
31429
31432
31435
31459
31542
31600
31604
31679
31688
31696
31714
31739
31742
31780
31798
31829
31840
31878
31880
31935
31966
31986
32009
32014
32023
32040
32048
32082
32101
32177
32218
32273
32322
32324
32357
32365
32389
32412
32490
32515
32535
32537
32566
32619
32621
32630
32633
32639
32653
32655
32706
32728
32805
32830
32860
32909
32929
32957
32965
33019
33078
33105
33123
33127
33145
33183
33302
33306
33332
33364
33393
33394
33551
33653
33659
33670
33693
33717
33760
33811
33819
33824
33826
33833
33903
33928
33952
33997
34050
34058
34069
34073
34096
34161
34171
34182
34237
34241
34270
34296
34300
34311
34312
34335
34340
34371
34413
34418
34419
34432
34469
34494
34524
34546
34560
34566
34580
34598
34620
34631
34671
34691
34692
34738
34756
34805
34832
34843
34851
34855
34870
34874
34921
34940
34969
34973
35049
35126
35127
35139
35155
35242
35260
35324
35349
35354
35365
35385
35388
35481
35511
35575
35620
35623
35654
35664
35675
35679
35706
35710
35760
35788
35793
35815
35864
35928
35930
35942
36006
36040
36080
36172
36173
36186
36210
36258
36275
36293
36313
36318
36324
36348
36360
36374
36396
36461
36477
36491
36515
36536
36552
36574
36639
36683
36744
36749
36806
36824
36850
36859
36867
36894
36897
36912
36923
36952
36976
36986
36996
37055
37063
37071
37128
37165
37186
37190
37202
37212
37216
37221
37239
37243
37246
37266
37283
37287
37299
37313
37356
37402
37414
37426
37448
37473
37501
37518
37540
37556
37576
37581
37589
37600
37620
37652
37692
37703
37728
37775
37818
37820
37824
37872
37906
37929
37948
37949
37952
37954
37998
38021
38023
38049
38068
38131
38132
38157
38171
38226
38262
38265
38271
38279
38281
38292
38310
38399
38426
38453
38456
38474
38511
38583
38584
38606
38616
38624
38633
38662
38676
38713
38720
38743
38789
38796
38833
38836
38844
38857
38865
38887
38931
38941
38954
38960
38981
39004
39007
39036
39065
39070
39168
39237
39308
39309
39327
39341
39400
39431
39457
39461
39496
39497
39514
39540
39544
39644
39669
39691
39693
39708
39718
39759
39767
39772
39800
39806
39820
39901
39924
39942
39977
40032
40055
40117
40138
40193
40220
40225
40273
40351
40406
40413
40473
40514
40523
40525
40528
40587
40614
40661
40758
40765
40788
40861
40865
40866
40877
40893
40914
40921
40946
40959
41021
41074
41101
41114
41124
41142
41205
41216
41232
41278
41295
41306
41309
41329
41413
41459
41508
41540
41608
41622
41678
41683
41707
41750
41757
41804
41822
41834
41836
41840
41842
41878
41925
41932
41937
41961
41983
41998
42070
42078
42081
42121
42136
42158
42197
42239
42247
42253
42305
42356
42365
42450
42459
42467
42472
42481
42503
42550
42553
42587
42618
42620
42635
42654
42674
42684
42699
42704
42716
42741
42788
42945
42951
42966
42968
42972
43004
43010
43025
43035
43054
43189
43192
43203
43227
43230
43237
43244
43260
43265
43322
43390
43393
43431
43468
43484
43490
43505
43517
43538
43573
43576
43585
43628
43674
43676
43687
43689
43696
43698
43719
43727
43729
43741
43757
43776
43783
43784
43837
43838
43849
43891
43969
44002
44029
44051
44060
44078
44111
44113
44141
44161
44167
44171
44189
44256
44263
44292
44302
44312
44364
44428
44442
44454
44473
44483
44537
44547
44686
44703
44707
44720
44723
44746
44778
44802
44835
44853
44855
44856
44864
44915
45023
45105
45114
45242
45266
45289
45293
45327
45334
45460
45471
45483
45542
45565
45579
45582
45597
45625
45650
45712
45724
45730
45736
45759
45771
45825
45902
45937
45938
45951
45955
45967
46000
46019
46032
46048
46065
46114
46122
46166
46183
46190
46235
46245
46246
46253
46263
46273
46351
46356
46376
46399
46457
46493
46522
46528
46537
46572
46578
46581
46714
46720
46766
46823
46832
46857
46865
47048
47053
47060
47071
47093
47127
47151
47157
47183
47214
47219
47226
47274
47283
47295
47312
47331
47386
47397
47489
47509
47530
47561
47565
47574
47676
47685
47714
47756
47791
47816
47838
47845
47866
47891
47924
47942
48000
48019
48100
48139
48152
48158
48176
48189
48214
48290
48320
48352
48354
48450
48470
48476
48481
48493
48527
48554
48590
48610
48683
48686
48728
48768
48785
48802
48803
48816
48828
48905
48947
48962
48972
49012
49085
49091
49114
49121
49131
49220
49245
49318
49327
49347
49359
49372
49453
49496
49539
49625
49641
49642
49654
49679
49692
49720
49727
49767
49788
49789
49843
49909
49927
49949
49954
50007
50036
50064
50100
50117
50118
50120
50127
50148
50233
50271
50278
50345
50428
50457
50459
50495
50518
50519
50530
50535
50541
50551
50609
50620
50662
50664
50686
50723
50776
50840
50845
50846
50895
50908
50930
50943
50991
51004
51016
51035
51056
51106
51126
51165
51196
51216
51219
51232
51246
51294
51309
51360
51365
51377
51383
51384
51386
51412
51451
51496
51538
51568
51602
51610
51702
51713
51734
51781
51842
51855
51886
51907
51916
51990
52016
52017
52030
52059
52135
52185
52195
52272
52327
52425
52446
52535
52541
52568
52569
52580
52608
52609
52631
52654
52692
52717
52835
52877
52885
52899
52924
52935
52936
52997
53002
53015
53021
53046
53049
53126
53135
53137
53139
53156
53191
53193
53206
53210
53278
53285
53294
53325
53328
53410
53455
53497
53507
53523
53533
53601
53611
53615
53718
53720
53761
53788
53810
53816
53849
53852
53878
53889
53951
53959
53964
53970
53975
54070
54072
54088
54109
54115
54142
54151
54157
54246
54255
54270
54284
54292
54325
54342
54367
54427
54439
54480
54484
54499
54506
54533
54573
54605
54609
54616
54627
54733
54756
54835
54852
54863
54881
54899
54963
55073
55124
55164
55366
55377
55404
55440
55505
55517
55539
55553
55555
55562
55569
55592
55605
55634
55642
55681
55724
55725
55744
55769
55818
55852
55879
55893
55921
55960
55978
55991
56045
56053
56076
56107
56121
56161
56201
56250
56280
56286
56302
56314
56350
56368
56371
56396
56445
56475
56551
56577
56765
56807
56829
56874
56901
56941
56994
57100
57131
57196
57224
57255
57256
57263
57282
57288
57289
57294
57356
57399
57402
57406
57424
57438
57452
57454
57490
57522
57525
57561
57575
57597
57624
57651
57659
57678
57695
57739
57803
57814
57868
58051
58067
58093
58124
58163
58165
58171
58218
58231
58305
58315
58323
58376
58410
58435
58473
58502
58512
58516
58523
58543
58556
58572
58600
58699
58719
58748
58767
58779
58827
58845
58872
58885
58938
58956
58981
58986
59008
59026
59063
59107
59158
59176
59177
59190
59196
59197
59201
59276
59277
59305
59352
59363
59372
59508
59510
59525
59586
59611
59631
59678
59685
59690
59735
59856
59868
59882
59935
59954
59958
59985
59993
60144
60157
60251
60259
60266
60273
60305
60325
60333
60358
60389
60409
60450
60456
60465
60475
60553
60560
60587
60626
60654
60671
60696
60715
60716
60720
60738
60753
60774
60814
60833
60834
60849
60889
60927
60935
60941
60973
61022
61029
61031
61038
61043
61062
61068
61071
61168
61196
61231
61233
61244
61247
61261
61316
61349
61369
61373
61380
61391
61406
61448
61466
61526
61543
61559
61572
61589
61596
61619
61621
61638
61643
61644
61671
61672
61687
61706
61736
61750
61763
61779
61789
61802
61823
61827
61839
61876
61922
61942
61947
61960
61998
62037
62039
62060
62081
62095
62148
62155
62231
62234
62281
62337
62439
62489
62490
62571
62606
62610
62629
62632
62641
62648
62655
62665
62707
62720
62762
62782
62821
62828
62934
62946
63033
63038
63062
63119
63151
63186
63236
63244
63255
63299
63305
63430
63438
63486
63497
63518
63546
63549
63648
63652
63676
63698
63709
63747
63749
63775
63836
63858
63896
63937
63950
63969
64004
64026
64077
64110
64126
64136
64183
64213
64214
64218
64224
64248
64249
64254
64277
64301
64374
64385
64404
64421
64464
64468
64534
64547
64567
64575
64598
64616
64622
64634
64644
64680
64689
64778
64797
64808
64813
64815
64832
64873
64891
64933
64949
64958
64960
65124
65148
65156
65164
65183
65190
65205
65216
65225
65226
65250
65256
65309
65327
65360
65382
65417
65423
65438
65453
65456
65468
65504
65516
65533
65561
65583
65604
65626
65643
65662
65668
65684
65699
65710
65724
65747
65749
65764
65818
65849
65876
65894
65902
65939
65955
65999
66053
66094
66121
66159
66169
66183
66235
66236
66304
66327
66359
66427
66434
66444
66460
66467
66585
66602
66610
66625
66666
66688
66692
66761
66768
66786
66814
66841
66864
66868
66886
66947
66971
66983
67001
67007
67029
67072
67115
67125
67212
67241
67242
67251
67266
67307
67312
67332
67345
67358
67410
67417
67425
67449
67450
67456
67494
67522
67549
67564
67610
67661
67749
67752
67825
67827
67834
67846
67916
67925
67968
67980
67994
67996
68018
68077
68081
68211
68220
68227
68249
68259
68285
68294
68335
68380
68399
68410
68424
68468
68595
68700
68721
68768
68831
68852
68870
68907
69068
69074
69095
69097
69105
69118
69120
69126
69178
69245
69252
69317
69319
69342
69388
69452
69487
69494
69502
69567
69577
69578
69581
69588
69597
69633
69655
69695
69719
69722
69723
69744
69753
69757
69803
69825
69844
69849
69880
69883
69895
69896
69919
69994
70012
70040
70058
70066
70097
70099
70106
70120
70134
70136
70146
70204
70218
70227
70238
70273
70316
70349
70367
70377
70434
70474
70479
70508
70539
70555
70578
70595
70597
70607
70635
70650
70671
70674
70726
70753
70756
70764
70781
70796
70799
70826
70827
70857
70859
70908
70927
70961
70963
70977
70980
70989
71017
71021
71039
71085
71212
71255
71267
71289
71295
71317
71338
71365
71392
71430
71440
71447
71452
71476
71499
71585
71656
71662
71713
71729
71751
71798
71831
71865
71877
71879
71886
71957
71964
71985
71987
71995
71999
72019
72047
72053
72060
72078
72200
72207
72249
72288
72303
72308
72355
72416
72454
72473
72519
72591
72650
72654
72656
72673
72691
72704
72744
72758
72846
72865
72906
72928
72999
73017
73026
73116
73140
73199
73208
73247
73255
73259
73304
73360
73383
73394
73421
73436
73473
73526
73543
73567
73579
73593
73714
73733
73814
73840
73843
73846
73867
74158
74176
74248
74258
74289
74292
74314
74342
74343
74355
74362
74430
74571
74576
74616
74619
74751
74776
74789
74796
74798
74821
74829
74857
74860
74876
74943
74951
74972
75041
75044
75047
75065
75130
75149
75167
75169
75218
75227
75228
75254
75340
75350
75351
75364
75440
75443
75482
75484
75539
75580
75603
75605
75609
75667
75724
75741
75745
75772
75776
75835
75861
75870
75878
75900
75931
75958
75959
75979
75981
75997
76004
76006
76016
76026
76030
76144
76180
76184
76204
76212
76213
76238
76256
76269
76275
76340
76349
76386
76389
76396
76427
76432
76544
76546
76571
76639
76652
76666
76671
76682
76688
76698
76765
76781
76831
76838
76854
76861
76868
76887
76902
76941
76994
76997
77000
77024
77068
77129
77180
77192
77197
77207
77209
77228
77238
77324
77332
77392
77401
77422
77427
77431
77491
77506
77522
77551
77586
77590
77600
77617
77618
77671
77692
77697
77723
77766
77777
77810
77848
77857
77910
78040
78070
78083
78142
78179
78180
78189
78192
78194
78238
78242
78262
78288
78364
78370
78373
78391
78402
78415
78490
78512
78561
78562
78570
78594
78621
78635
78708
78769
78773
78787
78788
78817
78853
78887
78922
78926
78976
78983
79029
79050
79072
79075
79104
79114
79120
79139
79141
79144
79170
79191
79257
79261
79270
79356
79360
79402
79424
79426
79430
79442
79490
79498
79509
79520
79541
79636
79701
79764
79778
79790
79853
79859
79891
79927
79931
79983
79984
79995
80012
80085
80094
80095
80102
80109
80131
80156
80185
80241
80246
80294
80318
80325
80340
80353
80472
80474
80497
80522
80545
80583
80593
80643
80676
80693
80704
80764
80768
80817
80835
80852
80874
80894
80900
80906
80910
80941
80981
80983
80994
81035
81061
81106
81114
81177
81194
81211
81232
81249
81281
81287
81310
81352
81365
81377
81438
81477
81478
81486
81510
81542
81545
81558
81560
81568
81583
81698
81733
81734
81740
81762
81763
81769
81809
81831
81837
81867
81945
81968
81974
81977
81978
82054
82080
82197
82211
82237
82249
82291
82320
82384
82389
82417
82418
82461
82565
82617
82684
82731
82789
82795
82837
82844
82856
82884
82928
82959
83013
83055
83084
83103
83146
83207
83220
83261
83282
83285
83307
83313
83330
83383
83408
83422
83454
83485
83495
83515
83529
83545
83549
83599
83711
83756
83773
83789
83809
83870
83879
83885
83889
83916
83962
84014
84025
84127
84189
84217
84247
