57
118
137
138
171
184
185
256
341
361
446
490
502
509
521
526
528
548
597
603
608
613
714
732
795
817
831
881
907
954
955
1032
1043
1117
1133
1200
1356
1380
1388
1555
1569
1586
1634
1643
1736
1765
1846
1905
1972
2006
2022
2120
2192
2201
2292
2316
2378
2435
2453
2490
2562
2570
2574
2575
2600
2631
2634
2643
2688
2775
2791
2797
2825
2915
2924
2928
2939
2982
3252
3261
3307
3323
3337
3351
3429
3463
3478
3486
3518
3571
3593
3633
3855
3874
3914
3915
3948
3957
3998
4039
4055
4059
4130
4206
4215
4253
4339
4421
4453
4466
4475
4502
4576
4582
4613
4665
4691
4747
4796
4808
4848
4860
4880
4888
4947
4955
4972
4995
5019
5022
5042
5059
5200
5280
5299
5408
5414
5440
5469
5537
5562
5593
5619
5625
5631
5683
5693
5716
5780
5793
5803
5841
5844
5944
6002
6005
6107
6109
6151
6222
6229
6264
6339
6343
6417
6429
6487
6500
6575
6579
6593
6637
6708
6731
6750
6762
6765
6830
6870
6885
6888
6955
6973
7109
7208
7211
7285
7305
7309
7321
7353
7450
7473
7486
7498
7528
7599
7617
7628
7671
7687
7713
7785
7869
7968
7984
8068
8084
8140
8255
8272
8291
8462
8528
8576
8597
8621
8693
8702
8852
8900
8915
8938
8939
8957
9093
9102
9189
9201
9325
9410
9470
9477
9490
9499
9512
9521
9541
9555
9609
9644
9682
9711
9847
9878
9885
9887
9903
9931
9971
9989
10012
10064
10085
10119
10144
10145
10159
10173
10221
10242
10264
10280
10388
10408
10448
10466
10470
10490
10507
10541
10636
10639
10640
10669
10673
10677
10681
10735
10779
10870
10893
10938
10959
10967
10977
11001
11030
11110
11141
11153
11155
11208
11367
11383
11406
11425
11429
11470
11479
11489
11500
11545
11566
11640
11657
11663
11697
11734
11740
11809
11841
11855
11867
11917
11938
11975
11982
11987
11999
12139
12175
12209
12235
12280
12306
12330
12334
12349
12387
12406
12447
12470
12497
12527
12565
12586
12742
12751
12754
12778
12792
12794
12818
12927
12938
12950
12973
12988
13059
13063
13092
13147
13155
13210
13295
13311
13325
13358
13375
13395
13397
13407
13439
13442
13476
13482
13516
13611
13681
13715
13773
13824
13832
13843
13929
13954
13957
13984
13987
13991
14006
14037
14046
14047
14094
14133
14143
14202
14229
14249
14321
14345
14357
14365
14384
14387
14423
14474
14492
14524
14562
14582
14625
14634
14671
14701
14743
14752
14838
14841
14879
14881
14885
14897
15000
15025
15037
15055
15122
15178
15276
15285
15314
15317
15325
15375
15395
15405
15433
15580
15621
15703
15706
15777
15780
15793
15804
15811
15824
15828
15845
15915
15922
15930
16008
16041
16125
16181
16201
16208
16253
16265
16293
16294
16340
16361
16384
16440
16479
16523
16544
16570
16586
16588
16625
16634
16667
16674
16679
16771
16859
16893
16906
16913
16973
16980
16993
17000
17055
17069
17077
17115
17165
17183
17191
17197
17213
17246
17261
17275
17346
17348
17398
17401
17425
17443
17528
17532
17691
17696
17718
17810
17817
17840
17913
17953
17965
18011
18018
18114
18128
18136
18144
18148
18167
18194
18257
18327
18333
18374
18419
18435
18530
18542
18555
18568
18580
18585
18592
18616
18633
18663
18676
18750
18816
18834
18839
18969
19009
19025
19038
19092
19099
19114
19173
19198
19231
19234
19260
19262
19369
19383
19398
19405
19466
19503
19531
19560
19621
19639
19667
19690
19750
19753
19759
19795
19849
19852
19859
19863
19924
19934
19943
19969
20031
20122
20172
20186
20233
20244
20270
20306
20312
20355
20406
20420
20428
20478
20552
20571
20580
20623
20624
20657
20659
20679
20697
20781
20787
20790
20844
20865
20948
20991
21020
21129
21221
21240
21269
21326
21331
21334
21338
21396
21425
21465
21484
21544
21607
21629
21641
21735
21748
21809
21839
21883
21908
21912
21937
21983
22005
22025
22041
22061
22118
22207
22225
22230
22292
22411
22424
22436
22456
22472
22489
22539
22547
22568
22625
22653
22666
22696
22733
22736
22740
22763
22821
22840
22876
22982
23054
23068
23087
23196
23249
23380
23382
23398
23401
23468
23529
23609
23632
23663
23684
23700
23706
23743
23784
23950
24064
24084
24105
24217
24250
24251
24381
24398
24421
24504
24564
24570
24700
24717
24763
24765
24798
24871
25083
25091
25164
25165
25271
25426
25447
25534
25622
25642
25670
25710
25713
25751
25841
25856
25881
25933
25938
25982
26019
26027
26040
26052
26100
26134
26174
26199
26239
26319
26400
26409
26428
26454
26462
26465
26467
26478
26544
26557
26617
26620
26621
26635
26641
26752
26803
26932
26934
26936
26963
26965
26983
26997
27012
27028
27032
27034
27046
27066
27090
27128
27136
27194
27212
27249
27260
27304
27310
27356
27447
27461
27480
27521
27539
27583
27586
27596
27628
27688
27709
27826
27861
27879
27963
28038
28065
28072
28117
28148
28186
28242
28284
28334
28416
28442
28455
28487
28522
28525
28567
28592
28676
28716
28771
28834
28848
28855
28979
29027
29262
29374
29394
29429
29453
29513
29536
29557
29601
29703
29722
29732
29789
29798
29829
29916
29930
29945
29975
29980
29988
30060
30080
30089
30098
30224
30354
30368
30407
30421
30429
30472
30512
30646
30691
30703
30817
30831
30833
30927
31055
31084
31092
31108
31118
31127
31150
31153
31157
31170
31178
31209
31262
31279
31283
31349
31366
31420
31439
31444
31518
31584
31606
31690
31735
31753
31759
31821
31829
31849
31880
31890
31972
32008
32020
32033
32060
32069
32083
32140
32154
32210
32214
32238
32274
32338
32370
32397
32403
32443
32552
32609
32676
32677
32755
32772
32773
32821
32882
32898
32899
33028
33071
33091
33130
33139
33181
33226
33261
33279
33288
33293
33357
33383
33386
33410
33444
33459
33505
33533
33558
33586
33614
33658
33687
33691
33748
33771
33819
33830
33839
33844
33873
33875
33896
34012
34052
34077
34109
34116
34140
34152
34206
34230
34232
34272
34277
34304
34386
34491
34503
34715
34763
34799
34805
34808
34862
34903
34921
34941
35027
35135
35144
35213
35247
35269
35295
35303
35311
35328
35386
35387
35388
35408
35410
35419
35420
35462
35476
35483
35500
35518
35532
35561
35575
35581
35583
35597
35638
35705
35716
35728
35756
35785
35839
35843
35847
35955
35988
36013
36033
36047
36072
36073
36077
36133
36215
36216
36243
36311
36347
36357
36371
36480
36493
36654
36770
36796
36799
36871
36892
36954
37003
37032
37034
37035
37141
37164
37189
37241
37286
37310
37329
37342
37369
37411
37417
37454
37588
37598
37606
37698
37717
37737
37755
37795
37821
37858
37872
37891
37902
37944
37976
37996
38008
38013
38030
38090
38131
38171
38182
38232
38234
38244
38249
38299
38320
38385
38411
38456
38537
38599
38644
38691
38697
38721
38723
38724
38870
39102
39120
39127
39169
39218
39303
39325
39419
39446
39492
39610
39657
39665
39829
39868
39877
39898
39954
40028
40045
40057
40071
40102
40116
40139
40166
40171
40173
40191
40251
40284
40339
40393
40491
40551
40579
40621
40641
40705
40713
40790
40797
40810
40813
40826
40831
40851
40881
40985
41008
41033
41101
41123
41140
41164
41170
41178
41224
41258
41297
41310
41313
41349
41368
41380
41406
41543
41602
41642
41643
41676
41677
41790
41798
41836
41857
41891
41955
41957
42002
42042
42053
42082
42095
42180
42186
42214
42236
42238
42366
42462
42542
42555
42610
42638
42654
42705
42749
42768
42775
42790
42794
42843
42883
42955
42970
42983
42990
42992
43023
43089
43118
43122
43211
43230
43277
43320
43411
43450
43462
43609
43651
43684
43692
43734
43747
43774
43779
43806
43834
43857
43900
43907
43930
43952
43965
44084
44106
44122
44262
44309
44329
44350
44429
44466
44570
44647
44651
44671
44723
44744
44750
44821
44829
44904
44992
45004
45130
45273
45274
45391
45410
45425
45428
45461
45508
45511
45538
45549
45590
45678
45731
45742
45798
45839
45854
45939
45951
45958
45991
46063
46104
46128
46132
46138
46170
46201
46220
46253
46266
46294
46351
46398
46409
46415
46458
46459
46478
46484
46512
46562
46591
46673
46721
46754
46798
46835
46847
46850
46871
46876
46882
46886
46901
46924
46946
46991
46995
47032
47102
47135
47159
47164
47259
47294
47445
47514
47520
47559
47642
47652
47653
47819
47846
47851
47910
47943
47954
47967
48052
48093
48176
48190
48198
48223
48242
48268
48270
48291
48294
48299
48320
48393
48460
48539
48556
48619
48722
48728
48754
48810
48821
48830
48833
48889
48897
48915
48927
49009
49011
49038
49077
49129
49139
49151
49192
49211
49269
49287
49324
49361
49446
49465
49569
49590
49607
49622
49626
49636
49663
49725
49795
49804
49890
49898
49917
49982
49998
50045
50071
50091
50105
50115
50126
50140
50159
50161
50169
50198
50233
50246
50269
50273
50302
50315
50326
50327
50331
50340
50351
50395
50414
50496
50559
50560
50583
50599
50640
50641
50680
50710
50763
50807
50843
50864
50883
50887
50913
50977
50992
51021
51059
51066
51135
51151
51169
51171
51243
51276
51328
51365
51380
51396
51398
51400
51414
51442
51449
51503
51508
51593
51600
51637
51732
51737
51745
51804
51807
51828
51929
51950
51953
51960
52012
52015
52046
52086
52094
52095
52109
52177
52234
52237
52277
52282
52320
52324
52332
52406
52465
52467
52468
52515
52588
52591
52592
52596
52628
52652
52713
52740
52747
52885
52887
52998
53025
53114
53132
53139
53144
53160
53174
53197
53234
53249
53260
53366
53383
53441
53466
53474
53499
53510
53537
53657
53679
53701
53717
53764
53799
53804
53875
53976
54032
54276
54293
54366
54382
54391
54496
54530
54582
54590
54702
54713
54725
54766
54782
54790
54808
54844
54854
54966
54992
55054
55079
55092
55131
55156
55188
55258
55272
55309
55333
55353
55404
55439
55456
55476
55565
55626
55695
55745
55785
55786
55840
55855
55869
55913
55924
55950
56084
56091
56106
56156
56167
56178
56218
56222
56278
56379
56401
56405
56452
56456
56457
56458
56502
56526
56528
56536
56569
56585
56664
56685
56729
56752
56792
56796
56903
56964
56985
57001
57074
57094
57175
57189
57198
57218
57282
57398
57423
57425
57485
57502
57532
57544
57563
57581
57586
57593
57630
57706
57793
57817
57842
57907
57908
57984
58023
58034
58046
58084
58119
58128
58151
58208
58239
58264
58321
58440
58444
58455
58478
58545
58557
58580
58636
58640
58668
58680
58684
58699
58751
58768
58769
58775
58788
58843
58880
58930
58947
58954
58960
58975
59060
59063
59089
59100
59148
59191
59265
59268
59299
59323
59413
59422
59428
59429
59431
59485
59492
59581
59582
59599
59615
59640
59643
59712
59716
59734
59739
59779
59847
59872
60058
60084
60105
60113
60156
60241
60249
60283
60323
60350
60359
60361
60369
60373
60385
60488
60527
60536
60659
60759
60861
60927
61077
61098
61115
61133
61152
61172
61212
61214
61276
61343
61383
61423
61454
61459
61471
61507
61573
61606
61616
61627
61629
61674
61730
61823
61935
61994
62055
62060
62065
62067
62078
62098
62115
62129
62218
62220
62258
62296
62325
62351
62367
62434
62480
62483
62514
62528
62532
62554
62582
62602
62643
62648
62654
62658
62710
62718
62724
62855
63081
63114
63263
63295
63315
63342
63376
63416
63439
63440
63561
63724
63742
63752
63766
63778
63799
63806
63811
63818
63853
63902
63929
63933
63942
64046
64089
64126
64153
64186
64200
64219
64222
64278
64351
64439
64571
64585
64628
64747
64763
64777
64802
64854
64929
64931
64937
64968
65013
65084
65111
65121
65191
65194
65235
65244
65277
65318
65402
65418
65432
65504
65561
65611
65665
65720
65763
65768
65778
65782
65860
65892
65909
65926
65928
65942
66009
66058
66126
66146
66207
66249
66265
66329
66349
66454
66474
66522
66550
66612
66613
66676
66860
66915
66932
66937
66979
67015
67048
67072
67112
67178
67180
67239
67245
67264
67284
67318
67321
67394
67409
67426
67461
67492
67530
67639
67646
67716
67851
67853
67893
67953
67980
68000
68014
68036
68054
68127
68181
68201
68209
68226
68253
68260
68351
68456
68469
68494
68519
68553
68555
68635
68641
68664
68761
68792
68873
68921
68933
68993
68997
69005
69010
69041
69053
69070
69087
69103
69120
69130
69180
69192
69193
69194
69242
69254
69268
69346
69354
69397
69418
69470
69684
69711
69850
69918
69919
69944
70055
70073
70077
70114
70154
70175
70176
70232
70336
70385
70543
70566
70635
70652
70690
70722
70734
70750
70826
70832
70843
70856
70885
70892
70933
71099
71101
71103
71108
71193
71225
71266
71307
71327
71347
71351
71373
71447
71454
71463
71489
71518
71639
71714
71734
71767
71768
71777
71842
71874
71875
71879
71889
71895
72006
72187
72213
72243
72278
72293
72297
72299
72471
72550
72563
72579
72614
72618
72619
72637
72676
72704
72735
72738
72755
72764
72828
72839
72846
72876
72923
72927
73000
73047
73080
73111
73150
73162
73173
73225
73238
73272
73315
73335
73339
73403
73430
73481
73523
73604
73628
73700
73839
73856
73868
73894
73901
73963
74033
74058
74061
74153
74255
74305
74431
74477
74520
74606
74653
74663
74673
74683
74691
74794
74810
74818
74832
74881
74930
74958
74972
75013
75035
75048
75055
75095
75108
75244
75267
75353
75373
75378
75416
75439
75446
75447
75546
75634
75645
75653
75673
75704
75752
75860
75900
75972
75987
76107
76135
76175
76273
76292
76357
76404
76451
76544
76570
76619
76790
76974
76986
77034
77051
77053
77081
77113
77126
77142
77199
77241
77260
77283
77343
77417
77494
77503
77519
77534
77539
77553
77642
77688
77731
77768
77795
77828
77860
77866
77876
77988
78008
78048
78056
78106
78157
78166
78191
78216
78253
78281
78421
78554
78577
78601
78611
78635
78703
78719
78731
78795
78879
78903
78911
78922
78958
79027
79039
79060
79068
79091
79127
79170
79185
79253
79269
79321
79394
79397
79453
79538
79584
79586
79602
79604
79632
79686
79727
79736
79767
79793
79831
79848
79856
79886
79981
80006
80022
80135
80356
80436
80459
80531
80544
80549
80566
80591
80594
80665
80754
80757
80785
80798
80855
80880
80899
80915
80972
81011
81062
81065
81077
81093
81128
81251
81259
81305
81356
81378
81400
81499
81510
81513
81626
81640
81700
81715
81801
81821
81869
81898
81917
81930
81956
81983
82008
82010
82028
82048
82131
82177
82220
82225
82245
82274
82290
82342
82359
82462
82494
82508
82535
82554
82564
82582
82599
82606
82622
82643
82655
82658
82730
82758
82776
82808
82817
82823
82845
82873
82897
82938
82958
82999
83013
83064
83081
83112
83128
83141
83153
83173
83184
83185
83220
83245
83312
83317
83334
83353
83405
83435
83521
83550
83622
83683
83691
83697
83795
83806
83821
83860
83916
83934
83956
83959
83974
84012
84051
84088
84103
84110
84182
84269
84294
84321
84430
84460
84485
84487
84511
84521
84674
84743
84756
84758
84843
84850
84930
84954
85027
85123
85210
85274
85341
85350
85407
85500
85515
85521
85533
85581
85598
85630
85733
85776
85785
85828
85830
85894
85900
85953
85970
85983
85996
86001
86025
86085
86136
86162
86198
86253
86258
86298
86335
86345
86352
86429
86440
86482
86544
86567
86579
86588
86609
86641
86696
86715
86806
86872
86928
86950
86955
86963
87034
87050
87070
87121
87123
87171
87183
87189
87277
87365
87368
87417
87418
87453
87460
87532
87556
87574
87583
87613
87654
87657
87668
87680
87787
87833
87869
87879
87894
87916
88018
88096
88103
88125
88131
88133
88141
88189
88195
88198
88199
88202
88229
88236
88241
88296
88303
88357
88371
88419
88453
88477
88518
88524
88559
88568
88609
88689
88715
88720
88797
88811
88837
88870
88930
88946
88988
89048
89056
89072
89124
89188
89266
89279
89296
89323
89454
89460
89468
89553
89574
89592
89620
89653
89683
89711
89716
89740
89748
89818
89853
89882
89948
89957
90003
90110
90149
90161
90192
90306
90368
90420
90453
90455
90481
90511
90520
90527
90574
90605
90652
90665
90703
90757
90859
90862
90869
90890
90918
91015
91021
91057
91059
91090
91097
91162
91184
91193
91267
91401
91448
91455
91630
91687
91721
91726
91754
91813
91842
91847
91850
91910
91924
91942
91960
91980
91991
92006
92013
92029
92125
92204
92301
92395
92608
92613
92661
92725
92753
92781
92818
92841
92842
92906
92947
92972
92973
93114
93119
93128
93176
93236
93323
93343
93416
93447
93465
93487
93488
93489
93499
93509
93591
93597
93694
93696
93771
93792
93874
93884
93889
93901
93923
93942
93962
93968
94013
94021
94038
94041
94055
94101
94122
94156
94158
94176
94188
94232
94281
94330
94349
94373
94399
94437
94458
94556
94583
94584
94622
94662
94669
94685
94750
94824
94833
94873
94877
94878
94951
94978
95010
95013
95024
95031
95074
95094
95104
95134
95217
95245
95250
95254
95261
95283
95296
95301
95302
95304
95334
95351
95372
95425
95443
95445
95536
95551
95559
95597
95657
95699
95770
95819
95826
95857
95895
95927
95972
96011
96021
96065
96086
96208
96245
96307
96308
96312
96380
96428
96515
96545
96559
96596
96605
96684
96687
96746
96794
96851
96877
96894
96953
96968
97010
97014
97068
97097
97165
97170
97194
97227
97252
97296
97298
97307
97467
97469
97471
97564
97587
97625
97661
97746
97761
97784
97808
97930
97976
98004
98042
98164
98242
98271
98312
98385
98387
98413
98415
98477
98519
98566
98627
98633
98643
98661
98738
98856
98890
98987
99005
99024
99025
99026
99053
99107
99141
99166
99210
99271
99345
99381
99429
99527
99577
99817
99828
99928
99929
99966
99999
100037
100117
100128
100237
100298
100315
100335
100386
100437
100438
100451
100464
100470
100581
100620
100623
100632
100697
100797
100810
100848
100878
100916
100940
100984
100991
101077
101155
101161
101272
101337
101365
101392
101396
101413
101423
101458
101463
101495
101531
101561
101607
101655
101673
101689
101727
101793
101816
101922
101974
101997
102010
102135
102173
102187
102192
102217
102263
102287
102310
102341
102379
102383
102384
102386
102394
102419
102484
102501
102547
102584
102696
102710
102720
102724
102726
102823
102883
102928
102939
102950
102957
103003
103004
103043
103084
103086
103091
103117
103127
103148
103151
103210
103223
103258
103269
103313
103317
103322
103337
103414
103449
103466
103552
103579
103600
103608
103668
103677
103704
103721
103745
103748
103851
103932
103947
103963
103984
104039
104044
104079
104081
104083
104101
104181
104187
104217
104227
104265
104292
104364
104406
104415
104424
104445
104458
104555
104571
104597
104627
104633
104637
104692
104700
104784
104796
104929
104991
104994
105066
105074
105122
105123
105128
105200
105256
105404
105409
105428
105445
105500
105649
105656
105658
105676
105679
105704
105710
105764
105778
105784
105828
105866
105941
105972
105990
106022
106146
106176
106198
106205
106242
106258
106309
106335
106346
106355
106413
106494
106510
106514
106518
106576
106595
106611
106666
106675
106692
106728
106744
106748
106919
106992
107018
107029
107051
107062
107068
107097
107122
107148
107215
107240
107290
107351
107416
107427
107453
107474
107494
107514
107518
107555
107606
107648
107675
107695
107717
107815
107816
107887
107894
107902
107910
107976
108016
108041
108052
108077
108101
108144
108219
108256
108289
108338
108398
108412
108441
108451
108492
108500
108516
108570
108643
108645
108678
108732
108755
108841
108940
108973
109002
109063
109071
109125
109193
109207
109222
109262
109264
109280
109313
109421
109429
109441
109454
109458
109471
109475
109518
109531
109535
109558
109624
109642
109717
109747
109765
109770
109818
109823
109845
109856
109873
109884
109909
109918
110043
110046
110091
110107
110110
110136
110231
110263
110429
110461
110464
110562
110601
110625
110671
110691
110699
110725
110759
110804
110826
110838
110861
110902
110908
110916
110984
111006
111050
111136
111189
111368
111381
111389
111413
111434
111508
111521
111536
111570
111578
111628
111632
111677
111680
111702
111711
111714
111783
111789
111805
111855
111877
111908
111918
111931
112025
112041
112077
112177
112266
112297
112347
112348
112374
112390
112397
112424
112508
112524
112582
112602
112653
112768
112863
112893
112896
