7
16
19
24
26
36
48
51
64
69
70
73
76
77
82
91
98
111
115
120
129
133
135
140
143
149
161
172
177
199
203
207
209
229
240
243
244
254
263
265
287
290
305
306
307
309
323
331
340
343
358
360
361
365
368
374
375
382
396
398
403
405
406
407
408
409
427
432
462
468
472
475
479
484
487
488
489
504
520
533
534
539
545
550
561
575
578
580
597
598
600
601
605
607
628
648
653
665
667
668
670
671
673
681
682
692
709
715
724
725
727
738
742
743
746
753
763
769
770
772
776
783
785
790
797
801
808
809
824
830
837
841
847
849
858
867
873
884
886
888
889
894
901
903
904
912
923
930
933
934
936
942
947
959
960
965
968
971
979
981
982
984
986
995
998
1004
1019
1020
1028
1029
1035
1041
1061
1073
1074
1093
1105
1124
1126
1128
1135
1138
1140
1145
1148
1167
1169
1175
1177
1180
1195
1198
1202
1213
1219
1231
1250
1254
1271
1277
1282
1290
1292
1305
1314
1325
1327
1331
1334
1342
1381
1384
1387
1390
1391
1398
1405
1413
1416
1420
1423
1424
1427
1431
1433
1436
1442
1443
1444
1447
1452
1454
1457
1459
1464
1469
1474
1484
1501
1504
1512
1513
1514
1516
1521
1527
1529
1532
1535
1558
1559
1561
1565
1569
1572
1573
1575
1577
1580
1583
1586
1587
1588
1592
1610
1612
1614
1618
1623
1626
1628
1630
1631
1648
1652
1653
1658
1661
1664
1665
1667
1668
1675
1678
1680
1684
1687
1690
1695
1707
1722
1730
1735
1746
1751
1752
1755
1761
1769
1780
1782
1785
1789
1791
1795
1798
1803
1806
1811
1815
1817
1818
1820
1821
1846
1855
1856
1862
1866
1867
1870
1873
1875
1880
1881
1882
1890
1903
1904
1907
1910
1918
1925
1926
1933
1945
1946
1950
1958
1975
1976
1981
1986
1991
1992
1998
2004
2007
2010
2012
2018
2021
2026
2027
2032
2034
2039
2043
2056
2059
2060
2070
2071
2073
2081
2082
2095
2099
2112
2119
2127
2130
2134
2135
2143
2151
2154
2160
2167
2173
2178
2188
2190
2191
2192
2208
2223
2228
2231
2236
2239
2242
2244
2249
2256
2258
2263
2266
2267
2271
2274
2283
2293
2297
2304
2305
2314
2328
2330
2331
2344
2355
2361
2373
2375
2380
2382
2385
2386
2389
2392
2395
2396
2398
2401
2404
2407
2412
2426
2427
2432
2439
2441
2446
2449
2450
2452
2463
2466
2472
2474
2479
2480
2483
2492
2497
2499
2503
2513
2524
2526
2528
2532
2538
2542
2547
2550
2552
2555
2557
2560
2563
2567
2569
2570
2573
2574
2582
2584
2590
2602
2611
2613
2619
2620
2626
2627
2628
2632
2639
2645
2648
2656
2660
2663
2667
2670
2672
2676
2679
2687
2691
2693
2713
2714
2716
2728
2732
2734
2735
2741
2749
2760
2763
2767
2768
2772
2776
2795
2802
2803
2809
2810
2811
2817
2822
2829
2833
2842
2845
2847
2851
2863
2868
2873
2874
2879
2881
2883
2887
2898
2902
2904
2909
2916
2918
2919
2924
2933
2936
2937
2944
2951
2961
2962
2965
2966
2968
2971
2972
2977
2987
2993
3002
3003
3004
3015
3026
3034
3035
3041
3043
3046
3047
3062
3071
3076
3079
3082
3085
3093
3100
3112
3117
3122
3124
3126
3140
3143
3145
3152
3155
3175
3181
3184
3185
3192
3196
3203
3213
3217
3219
3227
3228
3231
3235
3249
3251
3262
3263
3267
3273
3274
3280
3283
3289
3293
3298
3306
3319
3320
3329
3330
3332
3345
3346
3347
3348
3351
3364
3368
3381
3382
3385
3388
3407
3425
3431
3437
3439
3440
3445
3465
3476
3490
3501
3504
3506
3507
3509
3515
3522
3526
3531
3553
3576
3594
3606
3608
3612
3621
3623
3631
3637
3652
3657
3669
3673
3683
3697
3698
3704
3705
3715
3727
3751
3756
3761
3782
3789
3822
3823
3835
3837
3841
3844
3848
3850
3853
3862
3864
3871
3876
3883
3885
3892
3895
3905
3911
3914
3921
3937
3939
3958
3959
3960
3962
3966
3969
3974
3976
3982
3984
3985
3987
3989
3990
3992
3996
4000
4003
4005
4006
4013
4025
4026
4032
4037
4044
4050
4052
4055
4056
4068
4083
4090
4091
4094
4095
4103
4104
4110
4111
4112
4119
4130
4135
4142
4147
4149
4152
4160
4161
4168
4170
4177
4201
4203
4204
4227
4232
4244
4247
4248
4249
4254
4255
4257
4259
4268
4271
4276
4286
4295
4300
4303
4304
4330
4334
4359
4360
4367
4373
4378
4387
4392
4395
4405
4406
4408
4409
4419
4420
4426
4428
4439
4440
4443
4447
4466
4471
4473
4487
4488
4491
4496
4497
4518
4521
4532
4537
4538
4539
4542
4553
4566
4571
4572
4573
4575
4595
4599
4601
4605
4610
4623
4628
4633
4637
4643
4659
4661
4664
4665
4673
4680
4683
4688
4698
4716
4717
4721
4722
4728
4732
4733
4745
4746
4756
4763
4773
4776
4779
4788
4790
4791
4795
4813
4820
4829
4830
4833
4838
4841
4847
4855
4858
4860
4864
4868
4872
4873
4875
4882
4884
4885
4886
4892
4894
4895
4898
4914
4923
4926
4927
4928
4937
4943
4946
4949
4960
4962
4972
4973
4974
4975
4977
4981
4989
4993
4998
4999
5008
5030
5034
5037
5038
5047
5050
5057
5059
5061
5062
5068
5071
5080
5085
5086
5087
5088
5093
5102
5109
5115
5117
5122
5127
5130
5136
5143
5148
5153
5158
5164
5167
5168
5170
5175
5178
5179
5181
5187
5191
5206
5208
5212
5213
5215
5220
5230
5238
5240
5243
5244
5246
5254
5264
5268
5273
5278
5288
5289
5290
5304
5305
5313
5314
5317
5323
5330
5332
5334
5336
5343
5351
5352
5357
5365
5367
5369
5373
5376
5379
5381
5386
5396
5406
5411
5417
5425
5429
5431
5436
5439
5451
5457
5459
5460
5464
5468
5469
5470
5474
5485
5489
5496
5505
5510
5525
5531
5532
5552
5556
5563
5570
5572
5578
5579
5581
5583
5586
5587
5594
5604
5605
5612
5615
5616
5621
5622
5626
5633
5636
5639
5642
5653
5655
5657
5666
5667
5676
5682
5685
5686
5700
5707
5708
5712
5714
5716
5718
5721
5728
5736
5737
5748
5750
5754
5757
5758
5772
5780
5781
5793
5798
5802
5812
5816
5832
5843
5848
5853
5854
5855
5860
5865
5897
5898
5901
5914
5921
5951
5969
5978
5988
5996
5997
5999
6003
6005
6019
6028
6035
6038
6043
6053
6056
6061
6069
6084
6087
6091
6102
6105
6111
6129
6144
6145
6154
6155
6163
6164
6166
6181
6182
6185
6186
6194
6200
6204
6213
6218
6219
6221
6223
6228
6235
6238
6241
6243
6248
6255
6256
6272
6276
6283
6284
6294
6299
6302
6309
6315
6331
6335
6336
6337
6344
6352
6355
6356
6361
6372
6373
6375
6378
6382
6385
6387
6389
6390
6394
6397
6399
6400
6403
6405
6414
6416
6417
6423
6431
6438
6443
6447
6450
6454
6456
6470
6474
6481
6485
6499
6500
6508
6511
6513
6515
6518
6521
6530
6532
6536
6559
6560
6562
6568
6579
6583
6596
6607
6625
6632
6646
6651
6653
6671
6684
6689
6691
6695
6696
6704
6719
6720
6726
6729
6736
6748
6750
6756
6760
6781
6784
6789
6797
6802
6806
6821
6831
6832
6833
6838
6841
6846
6849
6850
6852
6853
6856
6857
6859
6872
6881
6882
6888
6890
6894
6895
6898
6919
6922
6924
6932
6934
6953
6954
6958
6962
6963
6967
6972
6976
6977
6981
6988
6995
7013
7016
7018
7020
7041
7043
7060
7065
7073
7074
7076
7081
7083
7086
7089
7091
7097
7099
7103
7105
7107
7108
7115
7120
7139
7140
7143
7149
7150
7151
7155
7157
7168
7169
7176
7178
7183
7185
7199
7202
7205
7206
7208
7210
7217
7224
7230
7231
7233
7235
7236
7250
7253
7257
7265
7267
7269
7283
7298
7303
7307
7309
7315
7319
7322
7331
7337
7339
7340
7341
7350
7368
7379
7383
7386
7397
7398
7402
7406
7421
7422
7426
7431
7435
7441
7449
7452
7458
7459
7468
7477
7478
7483
7487
7493
7499
7523
7524
7525
7530
7534
7535
7541
7545
7550
7561
7563
7572
7576
7579
7588
7590
7597
7615
7619
7622
7626
7627
7632
7636
7640
7641
7646
7654
7658
7659
7660
7673
7679
7684
7705
7709
7713
7714
7717
7726
7729
7731
7735
7744
7745
7764
7765
7767
7770
7773
7781
7785
7790
7791
7797
7806
7812
7821
7829
7834
7840
7844
7846
7853
7884
7893
7906
7908
7911
7913
7920
7925
7930
7932
7936
7938
7939
7942
7945
7947
7953
7956
7958
7959
7961
7963
7965
7979
7980
8001
8008
8011
8018
8021
8024
8027
8033
8038
8047
8050
8060
8062
8063
8068
8070
8079
8084
8092
8096
8102
8104
8108
8114
8132
8136
8143
8144
8153
8177
8185
8188
8209
8211
8217
8218
8219
8223
8231
8232
8235
8242
8252
8254
8255
8260
8271
8273
8274
8280
8290
8295
8304
8309
8313
8314
8316
8326
8327
8332
8338
8345
8350
8354
8359
8363
8379
8380
8390
8395
8398
8404
8406
8415
8419
8423
8424
8427
8436
8437
8438
8443
8445
8448
8451
8462
8465
8468
8471
8472
8475
8478
8494
8501
8502
8511
8518
8521
8522
8532
8536
8543
8547
8554
8558
8562
8564
8569
8580
8581
8583
8586
8593
8596
8608
8610
8623
8634
8636
8637
8649
8651
8655
8656
8657
8671
8675
8676
8677
8680
8685
8686
8697
8703
8704
8706
8710
8711
8721
8723
8740
8745
8746
8748
8752
8755
8757
8758
8760
8762
8764
8765
8768
8771
8774
8799
8810
8820
8821
8822
8823
8830
8832
8848
8851
8857
8865
8867
8879
8892
8894
8898
8902
8907
8911
8913
8940
8957
8961
8967
8970
8973
8981
8986
8991
8995
9034
9035
9042
9046
9049
9050
9051
9052
9054
9057
9058
9059
9072
9073
9075
9079
9082
9085
9094
9102
9104
9108
9109
9112
9114
9115
9116
9132
9136
9145
9147
9164
9166
9167
9173
9177
9180
9187
9194
9209
9211
9222
9225
9231
9233
9244
9247
9251
9257
9261
9264
9265
9282
9286
9293
9309
9324
9337
9338
9343
9350
9354
9359
9366
9370
9373
9375
9376
9380
9395
9398
9413
9414
9415
9430
9431
9444
9458
9461
9469
9471
9497
9503
9504
9516
9518
9525
9527
9528
9543
9545
9548
9557
9559
9562
9571
9574
9590
9601
9607
9609
9610
9611
9614
9615
9640
9645
9653
9663
9673
9683
9687
9694
9697
9701
9703
9705
9706
9708
9712
9726
9732
9737
9743
9746
9754
9755
9756
9764
9769
9784
9793
9794
9801
9812
9814
9824
9829
9830
9840
9851
9857
9868
9879
9881
9882
9883
9888
9902
9904
9905
9907
9916
9918
9919
9924
9925
9955
9960
9964
9971
9972
9974
9976
9978
9979
9982
9989
9994
9995
10002
10003
10007
10009
10011
10035
10045
10056
10058
10067
10069
10074
10079
10090
10100
10109
10125
10136
10147
10150
10160
10167
10173
10178
10182
10195
10199
10201
10204
10212
10217
10218
10221
10240
10245
10246
10256
10262
10263
10268
10269
10274
10280
10284
10285
10290
10292
10295
10302
10304
10305
10312
10313
10315
10322
10329
10332
10333
10338
10342
10343
10346
10362
10364
10383
10389
10394
10396
10398
10410
10424
10427
10430
10436
10442
10453
10455
10465
10466
10471
10483
10486
10489
10496
10498
10506
10511
10512
10517
10519
10533
10550
10552
10555
10556
10562
10564
10580
10584
10588
10592
10594
10599
10618
10619
10625
10626
10633
10644
10646
10649
10653
10665
10672
10679
10688
10703
10704
10706
10708
10715
10723
10726
10728
10743
10745
10747
10753
10756
10761
10777
10779
10798
10800
10804
10825
10829
10847
10851
10863
10868
10871
10874
10883
10889
10891
10893
10894
10898
10900
10901
10910
10913
10917
10920
10925
10926
10938
10940
10942
10945
10950
10953
10961
10965
10969
10975
10976
10987
11002
11003
11013
11016
11027
11029
11035
11058
11061
11069
11074
11087
11092
11093
11096
11104
11113
11119
11122
11130
11133
11141
11142
11160
11175
11178
11189
11194
11201
11203
11204
11217
11220
11234
11246
11271
11291
11293
11294
11298
11310
11315
11324
11336
11346
11350
11351
11352
11364
11365
11371
11372
11374
11377
11393
11396
11400
11403
11405
11406
11407
11409
11415
11425
11429
11431
11436
11439
11442
11451
11455
11460
11461
11463
11469
11475
11476
11484
11488
11490
11491
11493
11498
11505
11511
11514
11519
11524
11530
11535
11537
11540
11543
11546
11549
11550
11551
11568
11573
11578
11589
11597
11606
11611
11613
11616
11630
11639
11643
11648
11651
11654
11662
11666
11678
11680
11681
11688
11697
11698
11699
11700
11705
11709
11714
11715
11716
11725
11727
11738
11741
11742
11743
11746
11748
11759
11761
11762
11766
11767
11772
11775
11786
11791
11797
11799
11800
11802
11806
11813
11817
11828
11833
11848
11851
11860
11874
11876
11879
11880
11888
11895
11903
11931
11936
11942
11949
11953
11955
11960
11970
11975
11978
11993
12003
12004
12013
12014
12034
12046
12051
12054
12057
12064
12066
12075
12087
12089
12090
12092
12093
12099
12102
12104
12110
12111
12112
12115
12130
12136
12138
12142
12161
12163
12175
12179
12186
12187
12192
12203
12204
12205
12206
12207
12226
12231
12235
12236
12259
12263
12268
12274
12277
12298
12302
12303
12306
12310
12314
12315
12317
12318
12323
12325
12330
12333
12338
12348
12354
12367
12394
12402
12406
12418
12421
12430
12432
12434
12437
12448
12449
12452
12457
12467
12482
12483
12488
12489
12497
12500
12501
12511
12512
12519
12521
12522
12528
12532
12540
12541
12542
12548
12555
12573
12574
12579
12580
12585
12593
12597
12599
12606
12607
12610
12611
12612
12614
12623
12629
12634
12644
12651
12657
12666
12682
12683
12700
12708
12716
12722
12723
12726
12731
12735
12739
12752
12753
12758
12763
12767
12768
12773
12782
12783
12784
12789
12791
12799
12809
12812
12814
12823
12835
12841
12844
12847
12853
12857
12862
12866
12869
12878
12887
12891
12892
12897
12902
12905
12922
12924
12937
12939
12942
12957
12959
12975
12977
12981
12990
12993
13012
13020
13037
13041
13047
13055
13059
13061
13070
13071
13075
13079
13096
13097
13098
13106
13111
13114
13117
13118
13121
13129
13133
13144
13146
13156
13158
13159
13167
13172
13173
13178
13181
13182
13184
13193
13198
13205
13207
13208
13209
13215
13223
13235
13242
13243
13253
13272
13274
13276
13278
13279
13290
13295
13296
13301
13307
13313
13318
13319
13329
13339
13344
13347
13356
13358
13367
13372
13379
13383
13385
13403
13407
13411
13416
13422
13428
13442
13447
13454
13456
13459
13462
13463
13476
13478
13482
13483
13484
13486
13489
13517
13529
13533
13536
13538
13541
13543
13546
13550
13551
13566
13570
13580
13584
13585
13589
13596
13599
13601
13611
13619
13634
13658
13663
13670
13675
13676
13677
13689
13691
13694
13698
13705
13707
13709
13716
13731
13732
13736
13738
13740
13757
13762
13764
13766
13771
13774
13775
13788
13797
13805
13815
13816
13828
13841
13844
13847
13849
13856
13860
13873
13881
13885
13889
13894
13897
13912
13913
13919
13921
13922
13928
13929
13931
13933
13934
13938
13939
13940
13942
13944
13946
13949
13955
13970
13973
13974
13979
13981
13986
13991
13993
13995
13998
14012
14018
14021
14023
14036
14039
14044
14050
14052
14057
14062
14063
14067
14079
14083
14085
14087
14088
14099
14102
14109
14111
14119
14122
14129
14132
14133
14141
14142
14149
14159
14166
14184
14196
14198
14199
14201
14204
14205
14210
14211
14213
14219
14224
14231
14238
14245
14264
14266
14270
14278
14281
14293
14299
14303
14304
14306
14333
14336
14344
14345
14347
14353
14364
14367
14370
14372
14379
14384
14386
14388
14390
14391
14395
14401
14405
14408
14413
14418
14424
14429
14432
14433
14437
14440
14441
14448
14453
14458
14462
14465
14467
14473
14485
14490
14497
14507
14509
14517
14523
14524
14526
14544
14546
14547
14564
14570
14575
14583
14584
14589
14593
14596
14598
14603
14607
14611
14612
14613
14614
14615
14616
14619
14623
14625
14639
14640
14667
14685
14691
14702
14704
14713
14741
14745
14754
14756
14759
14776
14778
14780
14784
14790
14794
14796
14803
14804
14805
14809
14810
14820
14821
14837
14840
14852
14853
14856
14873
14883
14885
14887
14888
14914
14916
14919
14922
14923
14937
14953
14954
14968
14972
14974
14979
14984
14994
14997
15003
15004
15009
15020
15031
15034
15051
15073
15078
15082
15088
15104
15115
15116
15121
15123
15126
15141
15142
15146
15148
15149
15153
15189
15190
15194
15197
15204
15237
15238
15248
15252
15254
15255
15264
15266
15272
15283
15291
15304
15305
15306
15309
15324
15329
15335
15349
15353
15369
15370
15371
15372
15373
15375
15378
15384
15394
15396
15398
15399
15409
15412
15415
15417
15422
15424
15425
15436
15443
15461
15465
15471
15475
15485
15508
15540
15543
15547
15549
15559
15560
15561
15563
15564
15571
15572
15574
15576
15581
15584
15590
15603
15608
15609
15612
15627
15639
15649
15659
15661
15669
15670
15674
15676
15679
15687
15692
15696
15708
15709
15711
15719
15720
15721
15731
15733
15736
15750
15762
15763
15765
15766
15767
15770
15780
15792
15793
15803
15804
15805
15806
15809
15813
15815
15820
15829
15832
15834
15835
15852
15856
15862
15869
15870
15881
15888
15894
15897
15903
15905
15906
15910
15912
15914
15921
15927
15929
15930
15942
15943
15950
15964
15975
15979
15980
15990
15993
15995
16001
16003
16012
16013
16025
16028
16036
16039
16049
16055
16059
16066
16075
16083
16084
16085
16103
16108
16111
16113
16118
16139
16141
16144
16151
16155
16160
16165
16166
16167
16171
16175
16177
16190
16192
16194
16195
16196
16204
16205
16211
16213
16225
16226
16227
16235
16244
16250
16251
16254
16257
16263
16267
16268
16277
16279
16283
16286
16291
16292
16299
16303
16307
16317
16328
16334
16335
16338
16363
16366
16382
16385
16386
16400
16408
16410
16423
16431
16433
16437
16442
16445
16450
16459
16462
16464
16475
16477
16487
16493
16495
16504
16505
16514
16516
16517
16519
16522
16526
16527
16551
16553
16557
16558
16559
16560
16564
16571
16577
16579
16602
16607
16609
16651
16653
16654
16656
16665
16671
16673
16675
16678
16691
16694
16702
16703
16706
16725
16731
16734
16744
16745
16747
16748
16750
16759
16763
16764
16768
16773
16774
16784
16785
16789
16792
16793
16799
16803
16813
16827
16841
16843
16860
16875
16882
16888
16889
16890
16893
16895
16900
16901
16903
16906
16909
16914
16922
16926
16927
16930
16931
16941
16964
16968
16982
16986
16987
16999
17013
17016
17023
17027
17033
17045
17052
17055
17059
17066
17073
17086
17087
17088
17093
17098
17102
17105
17108
17111
17117
17118
17134
17141
17150
17152
17157
17161
17165
17171
17173
17175
17188
17192
17195
17197
17204
17205
17207
17208
17211
17213
17214
17216
17218
17232
17235
17240
17247
17248
17249
17252
17258
17267
17289
17292
17300
17303
17311
17315
17330
17338
17349
17357
17365
17371
17375
17385
17416
17419
17426
17435
17445
17460
17461
17462
17463
17471
17478
17480
17491
17499
17501
17516
17522
17529
17533
17535
17536
17542
17543
17545
17547
17553
17555
17559
17567
17570
17572
17575
17577
17579
17584
17586
17587
17592
17594
17602
17610
17611
17621
17646
