24
51
60
75
80
81
111
149
158
195
216
220
221
225
231
242
261
265
269
271
310
325
352
360
362
370
390
399
417
420
452
453
496
497
529
600
607
610
683
685
697
722
725
747
780
809
822
866
885
891
898
929
955
980
1005
1008
1055
1080
1083
1107
1119
1121
1126
1141
1143
1144
1152
1189
1222
1226
1242
1255
1267
1268
1272
1276
1294
1431
1438
1454
1457
1464
1486
1494
1529
1530
1549
1597
1607
1673
1676
1711
1714
1744
1749
1755
1773
1783
1793
1817
1842
1874
1889
1912
1925
1932
1948
1989
2012
2014
2033
2058
2088
2089
2096
2097
2111
2116
2144
2149
2164
2168
2191
2196
2202
2206
2240
2249
2275
2316
2326
2335
2375
2394
2406
2412
2427
2437
2455
2464
2476
2493
2495
2510
2513
2532
2540
2561
2590
2620
2627
2649
2663
2699
2706
2745
2763
2764
2766
2774
2783
2793
2837
2850
2853
2862
2864
2931
2937
2940
2959
2963
2971
2984
2985
3005
3006
3010
3045
3097
3134
3152
3171
3172
3209
3216
3248
3257
3286
3288
3293
3295
3297
3312
3322
3356
3373
3385
3422
3477
3478
3490
3526
3560
3605
3606
3640
3650
3663
3684
3730
3782
3815
3836
3838
3844
3849
3881
3949
3974
3979
3984
4042
4044
4126
4132
4137
4147
4149
4164
4171
4177
4203
4219
4237
4262
4270
4285
4304
4324
4333
4336
4344
4359
4368
4389
4392
4403
4434
4445
4460
4481
4486
4489
4501
4525
4527
4542
4553
4555
4560
4585
4616
4621
4624
4643
4652
4699
4710
4712
4726
4727
4728
4731
4748
4749
4752
4754
4755
4784
4812
4827
4840
4862
4874
4894
4940
4944
4953
4955
4968
4984
4992
5001
5007
5018
5045
5055
5068
5078
5094
5095
5104
5114
5147
5162
5171
5181
5188
5248
5255
5277
5279
5291
5320
5331
5334
5372
5375
5381
5389
5390
5398
5409
5419
5427
5437
5442
5451
5464
5485
5487
5518
5527
5561
5579
5598
5600
5615
5625
5636
5651
5678
5694
5715
5724
5762
5767
5806
5820
5844
5858
5874
5882
5899
5909
5921
5923
5927
5936
5951
5957
5959
6028
6042
6044
6053
6063
6070
6083
6093
6095
6099
6131
6143
6146
6152
6187
6190
6193
6195
6218
6222
6248
6251
6339
6347
6348
6349
6354
6375
6379
6390
6400
6405
6431
6441
6458
6476
6505
6508
6542
6552
6573
6582
6593
6609
6635
6651
6659
6670
6696
6700
6704
6716
6758
6772
6836
6841
6862
6909
6916
6926
6949
6962
6984
6986
7012
7016
7030
7033
7034
7037
7055
7059
7064
7077
7093
7111
7115
7153
7179
7185
7198
7218
7223
7231
7251
7254
7279
7295
7302
7303
7315
7318
7341
7346
7358
7376
7388
7406
7408
7415
7416
7420
7422
7432
7492
7503
7508
7573
7577
7586
7588
7591
7599
7615
7620
7621
7653
7664
7670
7671
7690
7699
7751
7772
7777
7787
7795
7798
7799
7816
7824
7830
7850
7924
7932
7943
7954
7956
7971
8020
8030
8031
8057
8070
8074
8081
8082
8088
8090
8104
8159
8188
8198
8224
8243
8251
8260
8268
8274
8292
8300
8320
8326
8335
8340
8349
8351
8384
8388
8392
8426
8427
8442
8446
8473
8497
8517
8520
8545
8558
8563
8573
8578
8601
8628
8633
8644
8677
8684
8688
8695
8696
8712
8713
8717
8742
8743
8789
8795
8816
8823
8851
8857
8874
8897
8923
8924
8958
8959
8970
8989
8991
9005
9017
9034
9050
9066
9073
9075
9088
9108
9159
9164
9202
9208
9211
9238
9250
9256
9272
9276
9285
9359
9367
9376
9414
9425
9437
9444
9477
9496
9518
9541
9544
9561
9564
9573
9586
9595
9597
9641
9687
9695
9705
9719
9723
9738
9746
9759
9785
9789
9805
9828
9829
9845
9893
9910
9926
9952
9989
10000
10017
10042
10059
10061
10072
10073
10111
10135
10155
10158
10160
10186
10204
10217
10222
10241
10258
10261
10263
10267
10268
10319
10322
10336
10350
10382
10401
10537
10557
10558
10568
10573
10606
10647
10683
10710
10735
10765
10771
10775
10791
10805
10820
10853
10859
10907
10913
10952
11156
11166
11167
11186
11205
11238
11252
11278
11280
11286
11308
11309
11323
11372
11377
11399
11405
11417
11425
11445
11452
11481
11484
11487
11497
11525
11530
11535
11583
11590
11619
11671
11674
11689
11712
11717
11720
11724
11739
11763
11765
11787
11805
11813
11814
11823
11826
11834
11847
11850
11863
11876
11878
11897
11899
11904
11922
11945
11955
11996
12014
12021
12039
12051
12054
12058
12060
12076
12100
12140
12142
12153
12177
12197
12222
12271
12276
12284
12292
12303
12310
12323
12350
12371
12373
12379
12398
12414
12425
12435
12437
12443
12492
12501
12509
12512
12529
12600
12602
12616
12694
12738
12745
12764
12820
12843
12870
12910
12912
12915
12920
12921
12932
12934
12952
12965
12993
13042
13051
13084
13108
13114
13136
13147
13235
13257
13273
13282
13297
13319
13329
13353
13386
13397
13413
13421
13439
13442
13443
13450
13454
13467
13496
13501
13526
13556
13573
13583
13592
13604
13621
13670
13683
13689
13691
13700
13719
13753
13759
13806
13811
13816
13834
13846
13863
13877
13885
13907
13911
13934
13945
13946
13956
13958
13961
13970
14015
14017
14022
14034
14074
14086
14094
14147
14181
14194
14206
14216
14227
14265
14268
14289
14302
14308
14317
14327
14329
14338
14342
14370
14378
14379
14380
14382
14383
14403
14445
14474
14481
14498
14513
14549
14572
14605
14623
14633
14648
14660
14661
14663
14679
14682
14693
14722
14733
14746
14761
14772
14782
14785
14788
14794
14795
14808
14815
14817
14830
14855
14863
14864
14917
14963
14975
14984
14993
15007
15028
15044
15050
15076
15107
15111
15144
15146
15148
15200
15236
15253
15287
15306
15330
15344
15352
15360
15362
15373
15433
15452
15468
15479
15480
15485
15487
15492
15505
15515
15518
15526
15528
15534
15539
15546
15551
15555
15556
15587
15588
15601
15615
15622
15626
15634
15652
15653
15682
15683
15707
15725
15737
15757
15778
15785
15802
15811
15816
15823
15842
15860
15886
15906
15933
15956
15980
15982
15997
16030
16038
16069
16080
16097
16128
16145
16163
16166
16178
16209
16210
16211
16254
16265
16300
16307
16309
16312
16319
16347
16408
16410
16412
16449
16461
16467
16468
16484
16491
16506
16515
16532
16540
16542
16551
16555
16578
16579
16588
16590
16624
16627
16682
16690
16693
16722
16731
16757
16766
16781
16789
16799
16802
16841
16845
16885
16895
16922
16943
16946
16971
17005
17012
17013
17026
17046
17082
17095
17133
17153
17169
17205
17210
17216
17231
17245
17268
17296
17299
17320
17351
17372
17388
17400
17448
17472
17473
17475
17476
17489
17507
17514
17526
17529
17590
17604
17647
17652
17661
17664
17687
17693
17721
17727
17755
17818
17824
17828
17861
17863
17881
17919
17929
17973
17974
18019
18030
18069
18071
18095
18111
18115
18139
18142
18176
18215
18227
18231
18232
18240
18247
18303
18323
18333
18339
18354
18360
18374
18380
18383
18385
18397
18431
18440
18465
18467
18470
18499
18523
18560
18583
18608
18611
18626
18627
18637
18657
18684
18687
18690
18691
18704
18721
18722
18727
18736
18764
18765
18807
18826
18878
18896
18921
18931
18944
18947
18970
18971
18999
19019
19025
19035
19041
19069
19078
19144
19146
19151
19176
19184
19209
19223
19251
19257
19285
19294
19303
19312
19319
19334
19337
19346
19368
19398
19412
19444
19474
19494
19500
19504
19520
19558
19562
19634
19662
19718
19736
19777
19783
19787
19828
19834
19875
19885
19890
19912
19930
19934
19995
20021
20024
20026
20040
20055
20059
20070
20076
20096
20100
20118
20142
20159
20222
20224
20232
20241
20253
20272
20278
20283
20287
20302
20313
20361
20373
20382
20386
20393
20404
20428
20441
20452
20455
20460
20506
20511
20535
20544
20549
20569
20602
20617
20623
20632
20650
20655
20659
20689
20693
20694
20696
20710
20732
20754
20764
20767
20768
20804
20842
20854
20861
20863
20865
20866
20928
20942
20957
20973
20987
20992
21009
21019
21043
21046
21079
21107
21171
21196
21205
21210
21216
21220
21225
21232
21265
21268
21278
21328
21336
21374
21399
21408
21413
21436
21487
21561
21568
21584
21586
21598
21607
21608
21620
21635
21642
21657
21688
21690
21695
21718
21725
21730
21753
21758
21788
21797
21802
21805
21809
21817
21834
21835
21836
21837
21854
21873
21906
21909
21911
21917
21952
21963
21996
22004
22010
22024
22025
22037
22050
22062
22071
22073
22088
22097
22107
22111
22116
22117
22123
22124
22131
22132
22144
22192
22197
22207
22210
22236
22239
22251
22257
22277
22288
22289
22306
22322
22340
22348
22377
22417
22425
22426
22438
22446
22454
22455
22482
22513
22537
22542
22547
22552
22566
22609
22661
22664
22677
22689
22703
22704
22706
22717
22728
22729
22735
22742
22757
22759
22771
22779
22785
22808
22840
22846
22848
22862
22869
22884
22885
22888
22925
22948
22974
22982
23002
23036
23043
23046
23056
23085
23091
23125
23151
23169
23191
23212
23227
23247
23250
23253
23288
23313
23342
23344
23349
23378
23412
23427
23449
23460
23465
23476
23477
23507
23512
23560
23605
23607
23630
23642
23646
23647
23664
23699
23721
23723
23729
23730
23739
23741
23784
23801
23803
23807
23853
23881
23943
23948
23954
23956
23983
24013
24052
24085
24087
24090
24119
24125
24128
24147
24167
24174
24190
24200
24241
24264
24325
24333
24334
24355
24386
24399
24405
24417
24419
24423
24455
24466
24487
24527
24540
24542
24576
24589
24607
24615
24669
24679
24735
24762
24775
24788
24813
24835
24866
24870
24876
24879
24891
24903
24911
24947
24957
24978
24990
24997
25002
25005
25046
25050
25052
25077
25086
25091
25100
25114
25118
25153
25159
25163
25176
25177
25178
25185
25205
25217
25223
25228
25245
25273
25286
25311
25322
25345
25354
25359
25386
25388
25412
25423
25438
25440
25453
25457
25463
25470
25475
25481
25482
25521
25537
25586
25615
25620
25625
25661
25676
25689
25699
25711
25713
25723
25737
25739
25747
25748
25762
25782
25798
25868
25874
25886
25887
25890
25905
25917
25920
25957
25968
25973
25977
25978
25985
26006
26021
26028
26032
26041
26042
26062
26064
26070
26104
26111
26164
26181
26184
26187
26190
26197
26222
26237
26289
26295
26350
26377
26442
26459
26508
26510
26516
26525
26530
26545
26573
26594
26604
26605
26609
26656
26696
26701
26710
26751
26756
26767
26770
26780
26795
26866
26885
26887
26894
26900
26911
26942
26946
26956
26970
26993
26995
26997
27007
27029
27031
27032
27040
27050
27074
27094
27132
27149
27168
27175
27176
27189
27205
27210
27215
27218
27222
27314
27324
27387
27395
27421
27426
27435
27456
27467
27488
27491
27524
27528
27533
27539
27542
27545
27571
27597
27632
27640
27643
27661
27678
27725
27736
27746
27758
27770
27773
27799
27811
27827
27845
27874
27897
27927
27947
27949
27959
27961
27978
28000
28004
28021
28092
28098
28127
28134
28145
28199
28212
28219
28246
28253
28267
28277
28310
28340
28351
28361
28368
28374
28378
28380
28410
28416
28424
28434
28438
28463
28482
28515
28532
28566
28605
28613
28616
28668
28675
28703
28720
28811
28852
28867
28872
28885
28897
28904
28919
28931
28967
28988
28992
28993
29006
29007
29024
29030
29032
29057
29060
29079
29101
29122
29149
29161
29168
29204
29214
29232
29249
29265
29284
29287
29298
29312
29315
29346
29347
29362
29466
29470
29471
29474
29475
29482
29483
29485
29488
29503
29516
29519
29532
29629
29641
29647
29669
29671
29692
29697
29715
29716
29729
29733
29734
29755
29756
29780
29787
29806
29816
29833
29840
29868
29871
29897
29935
29942
29965
29988
29991
29997
30042
30065
30092
30117
30170
30213
30217
30222
30229
30236
30259
30261
30262
30263
30265
30293
30305
30319
30320
30339
30396
30414
30422
30428
30463
30489
30494
30503
30504
30518
30527
30541
30561
30571
30578
30606
30616
30641
30682
30686
30710
30722
30753
30799
30876
30920
30942
30947
30952
30982
30984
31011
31027
31052
31070
31074
31111
31120
31131
31148
31175
31182
31204
31218
31242
31286
31292
31334
31338
31342
31357
31377
31378
31392
31394
31397
31403
31425
31435
31442
31464
31485
31490
31502
31509
31515
31520
31527
31554
31587
31589
31630
31636
31657
31665
31682
31687
31691
31706
31712
31725
31796
31799
31830
31859
31860
31864
31866
31886
31914
31927
31931
31948
31957
31960
31971
31986
31989
32004
32013
32016
32039
32040
32041
32047
32050
32089
32105
32119
32135
32187
32189
32251
32260
32271
32277
32296
32370
32374
32454
32475
32485
32524
32544
32550
32592
32603
32614
32697
32719
32744
32797
32818
32911
32915
32923
32928
32993
33009
33010
33024
33029
33041
33042
33043
33047
33056
33060
33103
33122
33133
33145
33146
33156
33170
33175
33196
33231
33266
33277
33278
33294
33305
33316
33357
33358
33380
33392
33395
33401
33426
33431
33457
33492
33523
33543
33553
33599
33604
33606
33627
33636
33656
33681
33692
33698
33701
33718
33726
33749
33767
33774
33835
33842
33885
33893
33950
33955
33961
33963
34003
34018
34021
34031
34039
34060
34064
34122
34145
34147
34155
34158
34182
34183
34192
34255
34286
34288
34345
34349
34352
34362
34381
34391
34402
34403
34406
34438
34465
34473
34479
34531
34559
34565
34568
34577
34589
34603
34615
34638
34679
34714
34718
34720
34802
34814
34823
34824
34836
34837
34853
34861
34878
34926
34938
34961
34988
35017
35024
35055
35060
35069
35116
35128
35142
35144
35157
35164
35168
35208
35236
35255
35285
35290
35298
35331
35348
35374
35378
35389
35413
35421
35423
35440
35470
35475
35479
35485
35532
35542
35586
35594
35612
35642
35665
35706
35724
35734
35736
35771
35825
35829
35848
35868
35869
35901
35923
35933
35941
35943
35953
35957
35990
36002
36014
36022
36035
36037
36044
36046
36061
36064
36072
36098
36099
36100
36108
36112
36114
36117
36124
36129
36134
36143
36145
36173
36174
36182
36205
36210
36222
36230
36234
36244
36246
36257
36261
36272
36297
36303
36304
36309
36333
36343
36365
36368
36376
36387
36393
36397
36401
36415
36432
36458
36518
36519
36550
36575
36598
36619
36634
36635
36651
36654
36657
36684
36686
36700
36708
36743
36799
36825
36871
36886
36887
36897
36901
36902
36909
36927
36949
36979
36990
37005
37011
37017
37043
37089
37095
37101
37118
37124
37155
37177
37209
37241
37263
37268
37313
37322
37330
37338
37341
37367
37379
37413
37418
37437
37446
37483
37484
37491
37507
37513
37557
37589
37609
37612
37621
37638
37682
37712
37715
37763
37776
37820
37854
37879
37881
37890
37905
37914
37922
37933
37980
38004
38010
38014
38031
38045
38051
38059
38061
38069
38076
38110
38121
38134
38139
38141
38143
38190
38196
38200
38213
38229
38237
38271
38284
38293
38316
38324
38350
38370
38375
38377
38381
38383
38387
38401
38419
38448
38460
38482
38490
38493
38512
38518
38524
38563
38574
38575
38593
38596
38601
38616
38638
38648
38655
38694
38721
38754
38772
38776
38777
38804
38817
38821
38822
38844
38853
38864
38868
38893
38913
38915
38929
38932
39012
39030
39031
39041
39044
39058
39064
39067
39110
39165
39189
39203
39216
39245
39257
39271
39278
39281
39286
39361
39363
39376
39396
39398
39408
39438
39473
39488
39512
39517
39522
39529
39531
39537
39538
39549
39556
39558
39590
39593
39597
39602
39622
39623
39630
39643
39661
39672
39683
39705
39727
39729
39735
39737
39767
39791
39799
39809
39822
39824
39840
39904
39907
39922
39927
39955
39969
39981
39982
39997
40041
40042
40059
40063
40071
40080
40090
40091
40102
40116
40161
40185
40209
40212
40296
40297
40321
40330
40356
40417
40444
40462
40468
40490
40493
40504
40509
40511
40519
40563
40598
40603
40606
40617
40633
40653
40657
40667
40670
40700
40702
40721
40725
40761
40793
40846
40855
40865
40910
40917
40921
40922
40930
40943
40971
41018
41024
41027
41044
41068
41094
41095
41157
41159
41161
41182
41217
41232
41250
41273
41275
41290
41295
41296
41310
41316
41320
41331
41356
41380
41383
41404
41422
41424
41429
41446
41455
41465
41470
41501
41508
41523
41533
41535
41545
41547
41559
41570
41590
41592
41593
41597
41601
41622
41707
41712
41719
41724
41725
41778
41809
41833
41854
41890
41896
41897
41902
41912
41914
41923
41933
41935
41937
41940
41974
41987
41989
42000
42006
42016
42022
42026
42044
42045
42060
42075
42091
42096
42100
42110
42112
42151
42152
42168
42173
42198
42228
42230
42233
42243
42257
42258
42290
42304
42307
42310
42311
42334
42342
42369
42373
42394
42409
42446
42447
42528
42529
42538
42543
42554
42582
42603
42615
42623
42628
42642
42662
42665
42714
42725
42783
42790
42797
42829
42832
42853
42859
42862
42869
42872
42895
42912
42914
42924
42958
42960
42980
42983
43002
43016
43023
43031
43038
43071
43085
43187
43206
43207
43208
43220
43253
43257
43275
43295
43312
43334
43361
43375
43434
43435
43446
43456
43510
43532
43537
43590
43622
43624
43625
43639
43660
43691
43755
43759
43788
43789
43813
43825
43826
43865
43870
43931
43956
43985
43995
44000
44005
44006
44023
44045
44052
44071
44103
44105
44136
44169
44182
44228
44272
44303
44329
44337
44353
44355
44357
44365
44380
44431
44437
44452
44464
44466
44467
44475
44482
44496
44518
44546
44551
44560
44582
44591
44593
44594
44601
44614
44615
44631
44633
44634
44637
44641
44642
44649
44703
44725
44727
44733
44738
44741
44746
44749
44820
44824
44855
44881
44899
44908
44921
44922
44932
44933
44969
44988
44999
45058
45085
45092
45098
45107
45150
45160
45175
45178
45189
45190
45207
45218
45232
45258
45312
45321
45329
45335
45355
45420
45421
45443
45467
45468
45510
45521
45524
45528
45558
45580
45602
45607
45611
45617
45624
45638
45674
45677
45693
45694
45719
45729
45741
45745
45785
45787
45792
45794
45803
45805
45839
45843
45899
45907
45915
45921
45946
45947
45949
45953
45958
45986
45990
46022
46035
46068
46080
46099
46112
46127
46137
46138
46156
46186
46201
46221
46228
46234
46250
46257
46261
46291
46315
46325
46372
46384
46385
46399
46406
46410
46411
46417
46418
46453
46460
46462
46467
46468
46475
46495
46496
46504
46543
46555
46557
46564
46574
46606
46615
46644
46716
46740
46764
46796
46804
46833
46858
46859
46871
46872
46880
46887
46889
46902
46951
47009
47013
47028
47038
47044
47053
47054
47068
47113
47138
47139
47147
47207
47210
47223
47229
47232
47235
47245
47254
47276
47277
47310
47314
47315
47325
47345
47356
47381
47397
47411
47433
47448
47450
47463
47514
47515
47543
47594
47633
47646
47674
47702
47720
47728
47732
47740
47744
47746
47752
47753
47755
47758
47765
47787
47788
47805
47810
47816
47821
47837
47853
47877
47917
47922
47947
47989
47994
47995
48061
48062
48079
48095
48101
48111
48112
48142
48146
48168
48178
48212
48219
48220
48252
48254
48258
48275
48278
48318
48338
48410
48445
48464
48468
48474
48479
48480
48481
48486
48528
48543
48557
48586
48591
48614
48618
48637
48642
48647
48675
48683
48684
48688
48731
48737
48741
48750
48751
48762
48765
48768
48813
48819
48826
48835
48841
48862
48866
48909
48913
48930
48936
48943
48967
48976
48996
49014
49021
49034
49062
49073
49086
49088
49098
49100
49105
49134
49152
49153
49170
49174
49181
49185
49190
49194
49210
49226
49279
49345
49366
49422
49440
49474
49496
49524
49567
49574
49604
49615
49618
49634
49648
49649
49650
49653
49660
49694
49699
49700
49722
49738
49765
49778
49862
49875
49879
49918
49922
49928
49932
49944
49969
49976
49984
50013
50017
50033
50064
50075
50082
50105
50159
50176
50214
50217
50247
50256
50293
50303
50311
50314
50336
50387
50413
50427
