18
37
44
55
59
60
82
110
117
145
161
162
164
165
171
172
181
192
198
200
202
228
243
263
267
277
291
296
308
313
333
335
367
371
394
447
450
455
500
510
521
538
539
548
581
599
603
643
656
665
671
689
706
733
744
746
788
803
810
821
827
828
834
841
844
853
854
856
886
909
910
928
933
934
938
939
940
953
1062
1072
1077
1080
1084
1094
1097
1129
1134
1141
1161
1194
1198
1229
1236
1258
1270
1303
1305
1306
1312
1328
1336
1351
1355
1394
1402
1404
1406
1415
1419
1439
1483
1493
1497
1513
1532
1541
1551
1557
1558
1563
1580
1588
1598
1619
1626
1634
1638
1653
1675
1682
1684
1715
1718
1727
1750
1762
1770
1779
1788
1795
1827
1834
1850
1852
1861
1863
1874
1877
1909
1934
1938
1952
1957
1989
2011
2044
2045
2048
2054
2058
2064
2095
2101
2102
2114
2131
2166
2180
2195
2198
2199
2206
2208
2209
2211
2222
2273
2288
2311
2318
2328
2337
2382
2396
2410
2418
2424
2429
2437
2439
2447
2448
2477
2482
2483
2531
2565
2572
2583
2591
2607
2650
2667
2692
2695
2706
2714
2748
2814
2815
2829
2830
2856
2879
2881
2928
2939
2942
2979
2984
3004
3022
3031
3047
3081
3086
3094
3100
3104
3137
3154
3161
3172
3176
3196
3203
3208
3222
3234
3244
3249
3252
3258
3277
3290
3295
3296
3299
3332
3344
3360
3374
3383
3384
3389
3395
3397
3405
3411
3412
3443
3450
3468
3474
3480
3488
3504
3507
3508
3524
3527
3531
3536
3541
3551
3557
3559
3563
3602
3607
3623
3641
3650
3656
3667
3673
3681
3689
3691
3697
3706
3721
3741
3745
3750
3755
3766
3774
3785
3786
3792
3835
3846
3850
3883
3915
3923
3926
3936
3944
3955
3973
3977
3984
3986
3987
3989
3993
3995
4012
4035
4039
4056
4071
4074
4092
4093
4105
4115
4118
4120
4157
4175
4180
4200
4202
4215
4243
4262
4266
4304
4305
4313
4316
4335
4342
4343
4352
4387
4391
4394
4399
4404
4422
4436
4438
4440
4441
4442
4453
4457
4461
4486
4495
4509
4514
4515
4521
4530
4543
4544
4555
4562
4591
4594
4607
4614
4619
4625
4679
4687
4690
4721
4724
4728
4739
4754
4758
4768
4774
4781
4784
4795
4799
4816
4841
4861
4873
4897
4898
4902
4906
4909
4924
4929
4940
4943
4950
4957
4989
5006
5014
5049
5055
5079
5101
5110
5123
5160
5178
5182
5183
5188
5198
5199
5202
5210
5215
5241
5260
5263
5268
5269
5270
5288
5293
5294
5312
5344
5353
5356
5363
5364
5369
5380
5382
5394
5412
5427
5448
5450
5453
5454
5459
5473
5476
5479
5483
5503
5504
5530
5536
5537
5570
5582
5633
5634
5644
5647
5649
5653
5654
5658
5675
5686
5725
5731
5733
5736
5748
5751
5764
5778
5779
5789
5800
5810
5823
5824
5841
5847
5868
5888
5891
5896
5900
5905
5944
5961
5971
5983
5993
6009
6015
6026
6042
6062
6064
6069
6076
6080
6089
6094
6123
6140
6147
6160
6166
6170
6197
6214
6223
6227
6235
6240
6248
6253
6259
6271
6285
6288
6293
6308
6319
6341
6356
6362
6369
6371
6377
6387
6388
6389
6405
6443
6448
6457
6474
6503
6505
6508
6513
6518
6520
6548
6551
6565
6572
6578
6592
6596
6610
6627
6640
6643
6653
6689
6696
6708
6712
6722
6736
6740
6760
6767
6769
6772
6776
6800
6807
6811
6813
6831
6844
6854
6861
6873
6898
6908
6909
6927
6943
6969
6995
7018
7030
7047
7065
7066
7069
7090
7127
7128
7133
7139
7141
7144
7150
7157
7165
7170
7191
7204
7229
7252
7253
7260
7278
7314
7328
7349
7361
7362
7372
7387
7409
7432
7451
7453
7461
7468
7497
7507
7517
7518
7519
7522
7537
7538
7545
7551
7553
7566
7586
7592
7597
7606
7615
7640
7646
7658
7680
7721
7766
7770
7795
7812
7819
7838
7852
7875
7882
7884
7943
7953
7974
7998
8001
8018
8032
8046
8083
8087
8112
8189
8255
8285
8309
8315
8345
8349
8354
8360
8361
8364
8366
8367
8369
8376
8381
8422
8423
8459
8494
8533
8545
8553
8559
8561
8563
8565
8584
8586
8588
8595
8629
8630
8648
8663
8675
8683
8705
8711
8742
8752
8764
8775
8788
8789
8800
8802
8803
8809
8810
8816
8817
8827
8844
8863
8873
8905
8919
8920
8927
8939
8946
8958
8960
8982
9006
9018
9034
9049
9062
9068
9081
9085
9093
9103
9106
9121
9130
9144
9150
9158
9170
9183
9208
9216
9238
9245
9252
9287
9291
9295
9302
9341
9351
9352
9388
9404
9452
9469
9480
9493
9495
9501
9503
9504
9522
9545
9577
9583
9589
9591
9602
9614
9627
9652
9673
9714
9725
9786
9818
9824
9829
9852
9864
9875
9881
9890
9900
9909
9910
9934
9960
9982
9983
9996
9998
10011
10015
10016
10022
10027
10028
10034
10035
10050
10059
10108
10121
10129
10130
10176
10180
10196
10201
10206
10220
10224
10234
10237
10250
10258
10286
10305
10307
10310
10321
10352
10353
10361
10365
10417
10421
10445
10447
10453
10491
10494
10500
10501
10503
10511
10514
10534
10543
10545
10553
10572
10596
10609
10613
10632
10635
10642
10644
10659
10664
10674
10677
10680
10701
10705
10714
10717
10740
10748
10764
10809
10816
10840
10854
10873
10874
10878
10890
10892
10894
10896
10900
10909
10911
10917
10929
10932
10952
10961
10975
10980
10999
11003
11015
11035
11055
11065
11088
11090
11114
11134
11144
11174
11179
11188
11192
11231
11244
11246
11253
11263
11264
11265
11296
11313
11318
11321
11332
11343
11359
11361
11389
11406
11420
11424
11428
11430
11435
11451
11483
11489
11499
11500
11502
11506
11530
11537
11544
11570
11575
11593
11597
11600
11601
11607
11609
11616
11620
11628
11643
11654
11663
11673
11680
11700
11708
11722
11740
11783
11788
11793
11803
11810
11829
11839
11847
11849
11883
11884
11892
11911
11921
11935
11953
11959
11968
11972
11986
11998
12004
12019
12020
12022
12064
12069
12088
12091
12096
12100
12103
12140
12142
12145
12165
12175
12176
12182
12185
12203
12231
12234
12235
12258
12262
12269
12289
12298
12332
12344
12368
12369
12383
12388
12410
12413
12422
12431
12439
12443
12459
12473
12475
12482
12509
12529
12542
12549
12550
12553
12564
12577
12583
12612
12618
12622
12629
12632
12641
12642
12662
12672
12686
12702
12722
12743
12748
12767
12772
12788
12814
12815
12852
12886
12908
12909
12913
12915
12923
12931
12943
12948
12968
12987
12992
13007
13022
13026
13033
13044
13070
13090
13098
13101
13115
13136
13155
13168
13199
13218
13276
13288
13293
13318
13333
13344
13345
13358
13365
13366
13389
13399
13414
13427
13444
13457
13482
13498
13507
13517
13521
13559
13572
13594
13600
13610
13611
13617
13619
13622
13633
13635
13641
13665
13681
13686
13689
13696
13700
13739
13740
13775
13795
13811
13829
13840
13867
13883
13884
13887
13901
13907
13911
13919
13940
13946
13961
13974
13982
13988
13991
14012
14018
14044
14066
14072
14082
14094
14107
14114
14121
14126
14159
14201
14202
14203
14208
14223
14229
14234
14251
14259
14266
14270
14272
14305
14319
14324
14335
14343
14358
14359
14371
14379
14392
14404
14412
14414
14465
14477
14484
14547
14552
14585
14592
14603
14604
14614
14653
14656
14663
14666
14679
14688
14698
14736
14749
14754
14757
14770
14786
14794
14800
14816
14856
14857
14878
14894
14896
14906
14909
14921
14924
14937
14986
14998
15014
15017
15037
15042
15046
15059
15063
15067
15094
15098
15108
15135
15142
15148
15149
15163
15175
15188
15204
15208
15216
15217
15220
15230
15250
15259
15266
15278
15280
15293
15298
15299
15314
15317
15344
15357
15388
15392
15395
15405
15413
15430
15461
15486
15497
15499
15501
15502
15507
15521
15537
15541
15547
15567
15579
15590
15591
15595
15600
15618
15619
15652
15663
15688
15690
15695
15710
15724
15734
15745
15771
15786
15794
15833
15879
15883
15890
15891
15898
15901
15924
15935
15954
15958
15965
15967
15984
15995
16034
16038
16057
16083
16097
16098
16103
16126
16131
16132
16133
16159
16173
16181
16196
16197
16204
16207
16215
16222
16226
16231
16233
16235
16244
16263
16269
16272
16297
16324
16325
16336
16337
16354
16355
16370
16372
16379
16383
16386
16389
16396
16408
16410
16416
16431
16440
16449
16451
16459
16464
16469
16471
16476
16493
16496
16503
16518
16523
16526
16527
16544
16555
16564
16569
16572
16579
16592
16593
16598
16616
16626
16656
16674
16713
16721
16752
16757
16759
16761
16768
16780
16783
16786
16801
16804
16818
16830
16832
16851
16855
16862
16867
16886
16894
16918
16921
16930
16932
16937
16938
16948
16959
16966
16972
16984
17000
17018
17020
17022
17034
17044
17108
17113
17125
17132
17145
17201
17208
17215
17217
17221
17228
17240
17244
17246
17264
17275
17282
17288
17294
17299
17331
17335
17349
17382
17407
17412
17420
17446
17450
17453
17458
17464
17465
17470
17481
17489
17516
17532
17581
17588
17600
17609
17610
17621
17629
17657
17693
17704
17715
17721
17729
17750
17754
17757
17765
17771
17775
17778
17779
17783
17805
17822
17836
17865
17873
17878
17906
17912
17932
17950
17956
17973
17987
18008
18017
18075
18099
18103
18105
18112
18115
18140
18176
18180
18191
18255
18256
18263
18266
18281
18290
18320
18329
18358
18360
18366
18405
18414
18424
18443
18457
18464
18466
18505
18514
18516
18522
18525
18534
18535
18549
18553
18557
18566
18581
18584
18592
18618
18634
18647
18648
18659
18671
18677
18685
18694
18713
18714
18723
18730
18735
18736
18741
18743
18756
18760
18778
18780
18791
18793
18794
18796
18798
18800
18805
18839
18853
18854
18855
18874
18908
18922
18932
18945
18951
18953
18985
18995
19004
19008
19013
19014
19021
19059
19062
19069
19079
19086
19098
19105
19107
19118
19130
19133
19146
19203
19207
19227
19234
19235
19251
19253
19256
19267
19285
19290
19291
19297
19317
19334
19348
19351
19373
19378
19389
19396
19397
19416
19423
19428
19462
19466
19474
19481
19486
19500
19505
19506
19528
19533
19587
19623
19635
19664
19703
19725
19753
19785
19792
19793
19809
19810
19823
19824
19853
19858
19861
19862
19865
19868
19886
19888
19898
19900
19938
19944
19954
19963
19966
19972
19985
20008
20014
20023
20033
20037
20056
20084
20137
20140
20146
20158
20163
20186
20201
20218
20220
20234
20237
20248
20303
20333
20344
20346
20352
20353
20359
20362
20371
20390
20401
20414
20419
20421
20437
20446
20450
20471
20487
20488
20494
20529
20548
20550
20553
20564
20566
20600
20607
20620
20625
20635
20643
20661
20705
20719
20739
20747
20754
20774
20778
20783
20792
20796
20800
20804
20829
20837
20849
20858
20872
20879
20907
20939
20945
20946
20950
20962
20963
20973
21004
21026
21043
21069
21074
21085
21115
21153
21176
21201
21238
21273
21281
21292
21293
21299
21300
21303
21317
21324
21363
21395
21403
21433
21438
21452
21461
21498
21503
21504
21511
21518
21521
21523
21533
21539
21542
21560
21565
21567
21598
21622
21632
21652
21660
21666
21676
21683
21691
21692
21693
21702
21707
21719
21726
21764
21765
21768
21771
21780
21803
21804
21806
21810
21815
21841
21855
21858
21869
21872
21893
21899
21902
21911
21915
21918
21943
21946
21968
21970
21988
22027
22039
22050
22066
22078
22088
22091
22164
22167
22171
22181
22183
22191
22192
22212
22214
22231
22239
22258
22269
22291
22299
22307
22311
22313
22314
22318
22395
22401
22410
22427
22447
22466
22492
22493
22506
22510
22512
22517
22539
22572
22575
22579
22594
22617
22636
22656
22671
22695
22707
22711
22712
22748
22754
22783
22815
22817
22832
22841
22845
22854
22865
22887
22931
22972
22992
22995
23019
23029
23041
23045
23046
23053
23063
23080
23093
23098
23106
23113
23123
23125
23146
23151
23155
23183
23197
23204
23205
23234
23261
23266
23279
23299
23312
23362
23375
23386
23387
23388
23415
23418
23451
23468
23477
23490
23500
23514
23519
23543
23548
23556
23557
23560
23568
23583
23590
23598
23602
23618
23619
23623
23627
23678
23680
23681
23682
23710
23744
23748
23755
23758
23771
23787
23788
23793
23811
23826
23847
23848
23858
23861
23870
23886
23904
23907
23916
23930
23931
23935
23936
23941
23998
24003
24013
24016
24025
24046
24087
24147
24199
24218
24244
24249
24260
24261
24290
24322
24328
24394
24396
24412
24423
24435
24436
24452
24491
24494
24517
24534
24546
24568
24573
24582
24616
24623
24624
24625
24627
24636
24647
24651
24664
24665
24673
24696
24725
24729
24748
24767
24768
24771
24772
24775
24784
24786
24798
24802
24809
24885
24890
24916
24922
24924
24930
24935
24936
24964
24974
24979
24997
25010
25033
25062
25066
25075
25087
25125
25154
25175
25176
25185
25191
25201
25208
25236
25265
25271
25272
25283
25288
25296
25302
25322
25324
25329
25341
25364
25371
25374
25401
25427
25450
25463
25472
25474
25492
25509
25522
25547
25548
25556
25574
25599
25617
25618
25630
25640
25642
25661
25720
25730
25738
25741
25742
25754
25758
25785
25792
25807
25808
25821
25851
25854
25869
25897
25904
25918
25921
25926
25931
25939
25957
25965
25981
25992
26017
26034
26058
26073
26098
26100
26112
26113
26123
26136
26149
26167
26178
26186
26188
26200
26208
26223
26230
26261
26269
26313
26362
26379
26384
26403
26411
26417
26425
26428
26438
26457
26463
26470
26476
26480
26498
26537
26550
26583
26585
26586
26592
26595
26596
26598
26603
26604
26623
26639
26654
26679
26683
26692
26697
26699
26721
26723
26742
26743
26745
26748
26767
26770
26788
26790
26801
26811
26820
26821
26826
26828
26839
26855
26860
26876
26880
26891
26900
26929
26936
26949
26954
26985
26990
26998
27003
27010
27016
27024
27027
27032
27033
27035
27083
27112
27117
27122
27125
27141
27168
27171
27174
27187
27223
27235
27237
27250
27257
27258
27271
27300
27312
27317
27318
27327
27345
27355
27367
27373
27381
27396
27399
27407
27419
27432
27448
27449
27479
27492
27498
27517
27522
27524
27565
27569
27574
27578
27622
27660
27665
27672
27696
27705
27708
27730
27734
27735
27757
27759
27791
27793
27803
27805
27809
27825
27826
27835
27865
27873
27879
27892
27900
27902
27903
27904
27942
27947
27954
27967
27976
27980
28021
28028
28036
28063
28094
28106
28113
28114
28130
28151
28179
28180
28198
28218
28253
28256
28262
28264
28266
28268
28276
28290
28309
28317
28319
28339
28345
28352
28364
28377
28395
28399
28422
28426
28431
28441
28454
28461
28466
28470
28486
28497
28502
28527
28556
28568
28588
28620
28628
28632
28635
28646
28653
28665
28693
28709
28720
28722
28738
28751
28753
28758
28768
28782
28791
28812
28817
28825
28827
28846
28870
28904
28906
28911
28927
28935
28953
28957
28964
28984
28985
28994
29006
29014
29029
29039
29041
29051
29059
29063
29067
29081
29103
29138
29147
29168
29170
29172
29187
29201
29208
29232
29251
29253
29262
29281
29282
29299
29316
29333
29334
29346
29367
29378
29390
29392
29409
29422
29432
29434
29439
29452
29462
29466
29468
29475
29513
29514
29527
29532
29557
29561
29596
29608
29610
29621
29624
29636
29638
29640
29647
29665
29670
29696
29702
29709
29714
29732
29742
29753
29795
29801
29811
29812
29822
29847
29861
29864
29877
29887
29888
29906
29913
29920
29923
29933
29949
29970
30022
30028
30032
30034
30045
30049
30058
30060
30062
30066
30079
30083
30088
30102
30126
30158
30162
30193
30216
30233
30239
30250
30265
30286
30289
30290
30301
30308
30332
30349
30351
30354
30392
30395
30411
30415
30420
30430
30453
30455
30480
30505
30534
30540
30544
30545
30547
30553
30575
30607
30631
30636
30643
30647
30672
30690
30691
30718
30734
30735
30749
30803
30811
30814
30837
30851
30857
30862
30872
30896
30917
30939
30942
30945
30947
30951
30956
30957
30960
30961
30964
30966
30967
30974
30993
30999
31012
31013
31028
31068
31076
31086
31098
31102
31105
31116
31118
31127
31144
31159
31165
31201
31213
31214
31218
31227
31233
31235
31236
31259
31261
31262
31291
31332
31337
31338
31339
31341
31344
31353
31360
31362
31370
31389
31393
31398
31402
31405
31408
31414
31431
31437
31438
31445
31458
31474
31477
31478
31494
31496
31513
31533
31535
31550
31571
31587
31590
31593
31609
31615
31621
31634
31669
31696
31704
31705
31712
31722
31734
31735
31746
31748
31766
31806
31827
31849
31859
31877
31878
31902
31923
31929
31931
31951
31960
31969
31970
31995
32004
32064
32093
32122
32132
32133
32143
32180
32188
32190
32193
32200
32223
32224
32268
32283
32308
32311
32313
32333
32347
32363
32369
32383
32417
32421
32445
32447
32459
32463
32495
32509
32513
32518
32526
32529
32534
32581
32596
32610
32614
32625
32630
32631
32641
32647
32653
32660
32674
32696
32703
32714
32721
32782
32811
32822
32827
32831
32837
32870
32879
32880
32917
32921
32931
32938
32946
32954
32959
32992
32995
32998
32999
33002
33066
33074
33090
33109
33116
33117
33157
33174
33179
33188
33195
33199
33214
33219
33246
33265
33268
33273
33293
33303
33335
33341
33359
33364
33369
33377
33378
33388
33390
33394
33395
33435
33443
33456
33471
33522
33540
33561
33581
33594
33595
33612
33620
33664
33667
33686
33713
33715
33726
33732
33733
33747
33750
33758
33762
33768
33796
33804
33805
33836
33843
33853
33861
33872
33881
33892
33899
33911
33917
33926
33927
33929
33935
33971
33978
33984
33988
33991
33996
34008
34012
34022
34037
34056
34059
34091
34095
34102
34110
34122
34131
34132
34134
34143
34150
34152
34164
34167
34170
34171
34173
34178
34188
34198
34242
34270
34281
34286
34287
34328
34334
34338
34402
34426
34427
34430
34441
34471
34493
34521
34526
34536
34538
34549
34556
34558
34568
34570
34617
34629
34648
34665
34674
34679
34681
34684
34690
34711
34722
34731
34735
34747
34749
34752
34814
34816
34825
34827
34830
34840
34864
34894
34898
34900
34909
34924
34939
34947
34948
34959
34972
34983
34997
35019
35061
35063
35067
35093
35094
35098
35113
35136
35153
35161
35173
35180
35185
35191
35196
35224
35226
35227
35228
35240
35254
35268
35269
35281
35298
35315
35319
35334
35341
35346
35364
35376
35396
35404
35418
35427
35440
35444
35471
35472
35474
35477
35480
35483
35493
35505
35509
35519
35522
35528
35535
35543
35575
35597
35600
35625
35632
35640
35684
35685
35693
35704
35706
35719
35727
35753
35772
35773
35774
35783
35792
35793
35794
35800
35804
35813
35834
35835
35840
35841
35847
35859
35875
35876
35880
35883
35893
35911
35913
35918
35934
35946
35958
35960
35970
35973
35981
35983
36018
36032
36036
36038
36050
36077
36083
36095
36099
36146
36160
36168
36177
36182
36186
36196
36197
36200
36205
36222
36224
36237
36238
36246
36249
36253
36271
36291
36297
36308
36322
36326
36329
36332
36340
36353
36365
36367
36376
36393
36413
36426
36429
36443
36456
36483
36487
36510
36512
36520
36532
36539
36543
36546
36554
36557
36558
36576
36588
36614
36620
36627
36658
36663
36668
36675
36683
36766
36778
36796
36806
36811
36814
36830
36834
36841
36866
36870
36877
36887
36891
36894
36898
36912
36946
36953
36957
36958
36996
37019
37029
37036
37061
37068
37070
37073
37086
37097
37107
37115
37130
37132
37141
37158
37159
37169
37199
37201
37213
37232
37263
37279
37284
37288
37311
37315
37319
37320
37322
37328
37336
37357
37376
37389
37404
37430
37443
37444
37454
37464
37467
37468
37484
37494
37500
37503
37506
37508
37518
37534
37535
37560
37561
37563
37583
37586
37626
37628
37630
37662
37673
37685
37719
37757
37758
37773
37784
37795
37798
37802
37805
