19
40
47
48
60
64
89
119
126
156
173
175
176
178
185
194
207
213
215
217
246
261
283
288
297
313
319
332
336
360
361
395
399
423
480
485
489
540
548
559
579
580
591
625
645
651
692
706
715
721
742
760
787
802
846
864
870
886
889
892
898
907
910
917
918
919
952
977
979
997
1006
1007
1012
1014
1028
1143
1152
1161
1162
1163
1167
1180
1184
1217
1221
1230
1246
1282
1288
1326
1332
1357
1367
1402
1413
1428
1436
1453
1462
1503
1505
1507
1517
1527
1532
1551
1594
1607
1610
1627
1648
1661
1670
1678
1680
1681
1705
1714
1718
1739
1751
1756
1762
1775
1799
1806
1814
1850
1851
1858
1887
1897
1911
1914
1923
1934
1936
1967
1969
1970
1993
1995
1999
2005
2020
2052
2078
2087
2104
2105
2136
2162
2164
2197
2203
2209
2211
2212
2213
2217
2260
2267
2268
2273
2291
2335
2346
2357
2365
2367
2371
2374
2378
2384
2386
2394
2442
2465
2492
2501
2513
2520
2563
2583
2587
2609
2615
2617
2622
2626
2631
2634
2666
2670
2678
2718
2753
2771
2782
2785
2808
2850
2873
2892
2907
2911
2919
2921
2963
3027
3038
3045
3053
3070
3092
3098
3159
3160
3168
3198
3203
3232
3246
3272
3285
3286
3318
3321
3328
3333
3335
3371
3385
3387
3405
3411
3414
3435
3449
3455
3468
3483
3486
3495
3507
3530
3539
3546
3548
3560
3593
3594
3595
3621
3623
3638
3647
3657
3658
3662
3677
3701
3724
3732
3735
3744
3756
3771
3778
3780
3790
3794
3797
3801
3806
3819
3820
3831
3837
3878
3885
3890
3927
3936
3944
3961
3963
3967
3970
3987
3988
4003
4030
4038
4040
4041
4060
4064
4066
4077
4088
4089
4130
4137
4157
4169
4217
4220
4225
4231
4248
4258
4269
4287
4288
4290
4295
4296
4300
4303
4318
4337
4342
4364
4372
4376
4381
4390
4398
4405
4424
4438
4440
4444
4484
4491
4497
4515
4529
4544
4557
4583
4595
4624
4633
4643
4656
4663
4666
4669
4682
4715
4724
4727
4730
4737
4765
4771
4774
4786
4791
4793
4806
4814
4839
4840
4843
4851
4856
4869
4873
4877
4884
4892
4905
4910
4925
4933
4942
4959
4961
4967
4976
4977
5045
5053
5057
5075
5087
5092
5093
5104
5125
5131
5140
5148
5153
5157
5161
5187
5196
5241
5248
5261
5262
5269
5271
5283
5291
5294
5306
5307
5314
5334
5338
5368
5378
5396
5427
5451
5465
5482
5504
5508
5531
5545
5570
5584
5590
5591
5593
5600
5609
5617
5629
5648
5656
5669
5678
5684
5685
5692
5730
5754
5758
5762
5765
5780
5789
5791
5797
5807
5826
5827
5855
5858
5875
5884
5885
5902
5905
5907
5922
5940
5946
5947
5968
5994
6018
6060
6067
6072
6078
6082
6088
6089
6095
6102
6106
6150
6152
6160
6161
6185
6198
6200
6207
6210
6221
6235
6241
6250
6251
6260
6277
6307
6319
6320
6350
6351
6354
6356
6360
6402
6407
6426
6435
6441
6451
6468
6480
6487
6502
6507
6515
6547
6553
6556
6558
6573
6597
6611
6621
6624
6628
6637
6657
6687
6697
6699
6701
6706
6710
6713
6736
6738
6747
6757
6759
6781
6811
6830
6831
6841
6858
6867
6868
6877
6879
6881
6883
6889
6937
6944
6948
6987
6991
6994
7000
7007
7013
7027
7053
7054
7063
7071
7095
7100
7111
7131
7132
7141
7151
7166
7204
7208
7230
7236
7249
7257
7262
7269
7278
7280
7296
7303
7306
7324
7343
7346
7352
7353
7363
7387
7403
7420
7450
7457
7473
7475
7519
7548
7549
7581
7590
7599
7605
7612
7635
7661
7671
7674
7688
7691
7701
7702
7703
7728
7731
7756
7761
7789
7797
7799
7821
7837
7876
7886
7887
7892
7917
7920
7938
7963
7990
8004
8011
8021
8025
8042
8078
8079
8091
8093
8094
8095
8110
8128
8134
8145
8147
8157
8158
8166
8168
8173
8179
8201
8245
8246
8259
8297
8377
8378
8400
8430
8434
8437
8448
8496
8497
8509
8572
8573
8606
8609
8614
8621
8672
8674
8676
8694
8726
8842
8909
8916
8933
8948
8954
8984
8998
9001
9005
9010
9013
9014
9026
9030
9047
9071
9085
9125
9179
9189
9207
9213
9214
9223
9224
9262
9266
9273
9291
9305
9317
9327
9332
9338
9371
9381
9395
9403
9432
9449
9455
9458
9464
9466
9472
9474
9476
9482
9488
9491
9513
9517
9563
9571
9591
9606
9613
9617
9627
9634
9643
9685
9694
9697
9726
9729
9750
9774
9782
9784
9807
9809
9814
9819
9828
9842
9845
9866
9872
9897
9920
9928
9930
9931
9953
9977
9982
10000
10009
10044
10059
10085
10092
10105
10173
10208
10210
10224
10234
10235
10236
10251
10258
10265
10295
10297
10317
10321
10323
10326
10330
10376
10380
10413
10418
10453
10462
10541
10550
10561
10585
10608
10611
10634
10637
10638
10647
10657
10682
10702
10733
10736
10742
10745
10755
10766
10770
10776
10784
10786
10788
10792
10802
10813
10826
10836
10906
10907
10910
10935
10950
10953
10983
10988
10993
11004
11019
11022
11037
11064
11081
11094
11098
11107
11115
11152
11157
11162
11182
11209
11214
11217
11219
11270
11289
11292
11308
11323
11331
11336
11337
11341
11352
11359
11375
11401
11407
11424
11432
11452
11461
11475
11477
11480
11489
11494
11502
11504
11525
11545
11560
11567
11610
11618
11629
11653
11672
11678
11689
11705
11714
11723
11729
11733
11737
11740
11749
11751
11753
11762
11781
11795
11811
11817
11829
11831
11834
11857
11868
11880
11887
11908
11942
11948
11991
12005
12009
12019
12023
12074
12075
12078
12092
12094
12114
12118
12139
12169
12177
12183
12193
12205
12209
12226
12260
12275
12288
12292
12307
12310
12313
12322
12326
12345
12360
12381
12385
12389
12397
12402
12412
12418
12420
12429
12440
12451
12457
12467
12468
12469
12472
12474
12483
12504
12506
12512
12518
12524
12543
12545
12557
12567
12590
12600
12608
12633
12647
12697
12703
12712
12724
12727
12731
12733
12750
12761
12765
12792
12822
12835
12871
12872
12881
12886
12892
12898
12909
12913
12919
12933
12961
12973
12980
13018
13021
13023
13035
13056
13065
13082
13089
13096
13104
13112
13118
13124
13132
13133
13170
13178
13181
13182
13199
13210
13214
13216
13292
13297
13301
13313
13317
13334
13347
13351
13356
13372
13373
13393
13400
13419
13421
13425
13435
13459
13492
13494
13507
13508
13512
13513
13527
13531
13566
13589
13592
13607
13611
13631
13635
13642
13664
13665
13672
13686
13697
13730
13742
13749
13759
13781
13817
13834
13836
13874
13894
13903
13914
13916
13934
13935
13940
13965
13968
13982
14015
14042
14045
14049
14052
14062
14074
14102
14111
14122
14147
14162
14191
14197
14246
14260
14274
14319
14329
14334
14347
14363
14370
14372
14381
14397
14407
14423
14459
14460
14480
14503
14506
14520
14527
14576
14579
14582
14597
14611
14636
14637
14644
14646
14647
14650
14656
14682
14685
14692
14696
14701
14716
14723
14729
14747
14756
14768
14769
14777
14788
14833
14854
14878
14894
14897
14928
14931
14944
14945
14963
14982
14997
15002
15006
15007
15022
15037
15038
15083
15110
15118
15119
15141
15145
15153
15157
15185
15188
15203
15224
15263
15269
15275
15292
15321
15324
15334
15359
15365
15377
15382
15389
15391
15410
15415
15427
15460
15466
15474
15500
15506
15528
15535
15546
15583
15591
15672
15686
15695
15706
15714
15731
15737
15755
15763
15803
15809
15819
15858
15865
15879
15881
15889
15927
15945
15953
15957
15961
15970
15975
16000
16006
16014
16029
16047
16048
16094
16099
16107
16144
16146
16160
16163
16185
16189
16194
16214
16216
16224
16231
16269
16288
16296
16301
16309
16315
16318
16327
16345
16366
16402
16404
16415
16417
16423
16429
16444
16469
16475
16480
16483
16489
16492
16500
16518
16519
16526
16536
16537
16555
16571
16587
16644
16645
16652
16656
16674
16679
16693
16713
16718
16739
16742
16745
16769
16774
16797
16808
16810
16812
16824
16844
16852
16857
16867
16890
16900
16928
16929
16941
16943
16955
16986
17011
17061
17068
17077
17124
17139
17141
17152
17158
17167
17181
17183
17221
17231
17260
17263
17265
17267
17285
17321
17326
17327
17328
17332
17350
17355
17391
17404
17411
17415
17422
17430
17432
17438
17439
17449
17456
17474
17475
17501
17506
17525
17526
17547
17549
17555
17556
17568
17569
17594
17620
17626
17630
17631
17635
17655
17656
17659
17660
17666
17668
17676
17679
17680
17699
17701
17702
17707
17715
17727
17729
17732
17758
17761
17767
17773
17775
17779
17785
17804
17807
17814
17823
17865
17878
17880
17916
17950
17960
17979
17996
18016
18020
18021
18041
18045
18064
18066
18070
18075
18092
18093
18098
18114
18136
18138
18149
18163
18187
18188
18207
18223
18226
18227
18241
18244
18254
18256
18258
18259
18264
18266
18287
18293
18299
18342
18388
18393
18400
18409
18437
18455
18467
18496
18513
18527
18540
18554
18562
18563
18569
18577
18589
18626
18628
18649
18653
18660
18667
18688
18726
18743
18748
18751
18777
18778
18793
18802
18805
18820
18824
18827
18832
18852
18880
18884
18902
18913
18937
18966
18968
18974
18999
19015
19020
19027
19028
19044
19057
19075
19083
19094
19119
19121
19132
19148
19157
19176
19179
19191
19204
19207
19261
19267
19273
19279
19281
19283
19325
19344
19373
19394
19409
19437
19445
19447
19454
19464
19490
19516
19532
19534
19548
19549
19571
19600
19608
19610
19617
19661
19706
19721
19730
19735
19764
19765
19772
19787
19831
19858
19863
19867
19870
19879
19901
19909
19920
19928
19960
19972
19978
19983
19988
19990
19998
20002
20013
20016
20019
20021
20028
20030
20058
20066
20087
20089
20090
20091
20097
20115
20150
20172
20176
20177
20188
20192
20207
20210
20213
20214
20215
20216
20232
20241
20242
20243
20248
20259
20279
20289
20292
20293
20333
20339
20351
20376
20402
20412
20416
20418
20428
20439
20458
20475
20478
20490
20506
20512
20531
20541
20544
20553
20583
20586
20595
20596
20607
20610
20636
20640
20654
20687
20700
20708
20722
20725
20727
20737
20741
20743
20745
20750
20757
20810
20816
20834
20835
20841
20848
20860
20864
20876
20880
20908
20923
20930
20939
20945
20950
20951
20959
20965
20973
20997
21005
21030
21062
21146
21154
21163
21197
21200
21222
21248
21267
21277
21278
21312
21321
21349
21357
21366
21379
21384
21411
21418
21422
21424
21427
21428
21432
21433
21438
21447
21461
21469
21515
21536
21537
21539
21540
21554
21577
21580
21584
21623
21632
21639
21659
21665
21671
21727
21729
21738
21755
21765
21767
21811
21840
21846
21861
21913
21940
21948
21951
21954
21957
21965
21966
21973
21991
21998
22005
22007
22017
22033
22057
22064
22067
22078
22095
22102
22116
22141
22147
22158
22181
22214
22218
22238
22275
22302
22304
22311
22314
22326
22331
22347
22356
22383
22390
22395
22403
22405
22459
22463
22483
22484
22485
22493
22494
22506
22507
22515
22524
22525
22552
22554
22568
22616
22621
22659
22669
22679
22699
22706
22771
22805
22808
22822
22853
22861
22864
22867
22911
22917
22957
22976
22978
22984
23004
23012
23034
23036
23063
23089
23120
23121
23141
23145
23146
23148
23163
23174
23175
23187
23207
23209
23242
23247
23249
23274
23275
23303
23334
23344
23349
23350
23353
23357
23358
23371
23373
23384
23399
23407
23419
23423
23427
23453
23459
23479
23489
23532
23538
23539
23541
23560
23566
23572
23574
23587
23628
23631
23634
23644
23663
23667
23681
23692
23716
23722
23751
23765
23768
23790
23811
23818
23828
23845
23888
23898
23901
23902
23907
23950
23951
23970
23977
23979
23980
23986
24034
24046
24049
24066
24072
24085
24086
24116
24138
24160
24174
24176
24208
24209
24211
24212
24260
24267
24287
24289
24293
24328
24333
24357
24366
24379
24385
24386
24391
24410
24413
24428
24433
24453
24517
24521
24540
24558
24570
24591
24595
24637
24643
24648
24655
24687
24742
24757
24778
24786
24788
24790
24814
24821
24857
24858
24863
24872
24879
24892
24896
24916
24922
24946
24951
24959
24963
24975
24979
25010
25020
25028
25043
25044
25045
25050
25061
25099
25144
25152
25176
25232
25234
25238
25245
25266
25275
25295
25300
25304
25321
25330
25345
25352
25359
25363
25378
25379
25388
25394
25428
25434
25435
25437
25445
25448
25454
25483
25501
25505
25515
25543
25553
25555
25558
25563
25569
25601
25606
25607
25627
25654
25673
25685
25694
25696
25705
25708
25738
25741
25746
25775
25807
25819
25821
25831
25834
25845
25896
25950
25954
26055
26077
26084
26107
26110
26115
26126
26128
26136
26181
26210
26214
26268
26293
26295
26323
26337
26349
26366
26375
26413
26423
26436
26445
26464
26469
26474
26485
26493
26511
26524
26540
26542
26549
26559
26575
26577
26597
26602
26603
26608
26631
26637
26664
26665
26681
26693
26710
26726
26740
26743
26755
26758
26791
26817
26818
26832
26848
26852
26871
26906
26914
26936
26953
26964
26974
27005
27040
27042
27053
27059
27066
27068
27075
27080
27121
27126
27171
27172
27173
27214
27216
27218
27247
27250
27287
27299
27303
27305
27306
27309
27325
27326
27351
27369
27384
27389
27421
27463
27475
27485
27495
27501
27524
27569
27571
27599
27604
27605
27612
27627
27635
27663
27668
27675
27687
27688
27721
27723
27730
27743
27745
27762
27790
27796
27804
27843
27861
27873
27878
27883
27917
27919
27924
27929
27988
28001
28032
28035
28050
28051
28059
28097
28103
28105
28123
28127
28150
28151
28164
28173
28178
28191
28206
28208
28212
28216
28238
28249
28267
28292
28302
28355
28373
28387
28395
28407
28411
28447
28462
28466
28475
28506
28522
28536
28538
28543
28564
28569
28592
28612
28635
28643
28667
28676
28679
28689
28690
28710
28716
28718
28722
28741
28748
28761
28762
28777
28786
28787
28788
28790
28791
28820
28821
28827
28837
28862
28870
28878
28885
28894
28896
28898
28907
28918
28926
28928
28933
28937
28957
28958
28969
28977
29011
29017
29019
29024
29031
29040
29054
29056
29062
29074
29086
29089
29103
29105
29119
29155
29158
29186
29224
29226
29236
29247
29268
29284
29329
29333
29336
29361
29366
29367
29374
29381
29386
29402
29410
29416
29420
29438
29455
29464
29476
29495
29505
29507
29543
29552
29577
29583
29612
29635
29638
29639
29640
29667
29670
29690
29708
29739
29744
29756
29820
29836
29837
29845
29885
29886
29889
29896
29923
29943
29944
29951
29976
29980
30006
30009
30017
30020
30029
30037
30039
30055
30091
30099
30101
30107
30116
30120
30124
30155
30160
30162
30174
30198
30227
30249
30254
30306
30318
30360
30376
30378
30407
30415
30419
30421
30434
30451
30453
30483
30485
30505
30507
30509
30513
30521
30550
30553
30565
30577
30590
30601
30602
30603
30611
30627
30663
30664
30672
30673
30678
30696
30729
30730
30759
30766
30767
30776
30784
30796
30832
30852
30870
30874
30908
30910
30935
30940
30944
30949
30960
30980
30999
31016
31041
31065
31073
31084
31089
31096
31106
31127
31141
31163
31169
31172
31173
31174
31203
31210
31217
31233
31256
31321
31322
31326
31336
31338
31381
31391
31404
31436
31444
31447
31469
31470
31479
31486
31498
31535
31538
31541
31543
31544
31546
31582
31592
31598
31611
31626
31627
31643
31647
31651
31657
31661
31676
31683
31686
31694
31713
31716
31721
31727
31734
31793
31812
31839
31846
31848
31850
31859
31863
31880
31884
31894
31908
31912
31927
31947
31948
31987
31990
31995
32017
32020
32039
32066
32100
32114
32124
32145
32148
32156
32180
32191
32199
32200
32230
32241
32242
32250
32259
32268
32276
32283
32285
32322
32328
32333
32339
32392
32401
32426
32433
32443
32446
32482
32508
32514
32525
32535
32544
32547
32551
32553
32555
32561
32577
32578
32581
32606
32612
32630
32654
32704
32715
32749
32753
32761
32773
32783
32816
32826
32837
32840
32872
32896
32915
32916
32922
32930
32931
32946
32958
32981
32984
32988
33019
33028
33031
33032
33109
33117
33128
33134
33136
33149
33153
33157
33163
33219
33256
33267
33276
33279
33281
33283
33301
33303
33304
33320
33323
33324
33327
33332
33335
33362
33377
33379
33390
33394
33397
33402
33421
33422
33440
33451
33476
33481
33487
33505
33516
33517
33552
33568
33593
33602
33603
33622
33635
33644
33645
33662
33679
33686
33688
33695
33696
33706
33712
33714
33718
33727
33731
33732
33740
33744
33751
33779
33786
33817
33828
33849
33864
33875
33881
33923
33925
33942
33954
33957
33964
33975
33976
34004
34006
34009
34010
34011
34027
34059
34060
34075
34105
34109
34112
34120
34132
34135
34151
34171
34183
34201
34229
34246
34251
34275
34285
34321
34334
34351
34354
34384
34392
34416
34445
34452
34460
34478
34504
34530
34560
34590
34592
34595
34598
34608
34613
34660
34672
34679
34685
34695
34703
34751
34763
34784
34788
34795
34800
34835
34836
34841
34912
34931
34939
34940
34942
34946
34962
34966
34990
35014
35017
35047
35058
35059
35065
35077
35078
35101
35109
35115
35137
35141
35156
35162
35171
35175
35189
35213
35224
35245
35252
35291
35293
35319
35334
35360
35372
35393
35399
35404
35417
35418
35436
35451
35472
35476
35487
35506
35512
35530
35543
35550
35565
35576
35593
35612
35614
35624
35631
35646
35657
35662
35669
35697
35717
35741
35742
35759
35776
35789
35803
35824
35840
35845
35857
35858
35863
35878
35890
35891
35901
35929
35951
35954
35968
35984
35997
36000
36091
36093
36095
36136
36141
36150
36158
36161
36186
36198
36215
36246
36274
36281
36304
36342
36348
36351
36355
36357
36372
36380
36384
36395
36418
36424
36427
36432
36434
36441
36448
36458
36466
36497
36502
36527
36530
36535
36538
36573
36577
36591
36595
36598
36610
36615
36624
36642
36645
36655
36663
36665
36673
36678
36684
36705
36722
36729
36756
36781
36791
36802
36832
36835
36838
36844
36848
36853
36858
36860
36873
36883
36898
36904
36924
36928
36944
36981
36986
36991
37033
37044
37086
37096
37108
37115
37129
37132
37147
37150
37191
37196
37211
37229
37232
37245
37257
37271
37280
37287
37295
37333
37342
37366
37378
37383
37386
37390
37410
37412
37414
37421
37426
37467
37472
37484
37500
37511
37528
37532
37555
37562
37565
37570
37584
37598
37602
37612
37656
37657
37670
37724
37730
37731
37763
37772
37786
37787
37793
37834
37836
37840
37844
37859
37880
37889
37894
37895
37919
37931
37960
38010
38011
38013
38022
38024
38025
38028
38046
38047
38064
38065
38069
38075
38079
38094
38152
38164
38175
38178
38195
38209
38216
38230
38253
38256
38262
38274
38280
38285
38293
38296
38302
38306
38324
38342
38349
38351
38365
38391
38409
38422
38426
38433
38452
38453
38459
38488
38504
38518
38520
38533
38557
38569
38574
38576
38577
38591
38600
38633
38637
38649
38663
38679
38682
38684
38740
38743
38755
38757
38760
38763
38766
38775
38809
38823
38831
38839
38870
38871
38889
38898
38924
38926
38927
38928
38934
38948
38965
38980
38991
39004
39009
39032
39042
39043
39048
39053
39058
39066
39071
39091
39095
39107
39125
39136
39137
39167
39174
39192
39197
39252
39273
39276
39287
39299
39338
39340
39342
39344
39380
39386
39387
39399
39427
39428
39440
39451
39459
39494
39566
39577
39614
39650
39680
39697
39714
39722
39738
39746
39752
39753
39761
39777
39820
39825
39841
39843
39849
39884
39890
39897
39908
39914
39915
39929
39964
39971
39978
39985
40010
40021
40066
40089
40097
40131
40136
40140
40148
40175
40185
40188
40200
40205
40245
40259
40278
40292
40309
40316
40327
40341
40361
40370
40379
40388
40389
40405
40425
40430
40444
40449
40459
40463
40468
40471
40477
40490
40493
40499
40509
40510
40528
40545
40547
40574
