46
96
112
139
150
151
208
278
294
363
400
410
414
424
429
430
448
488
491
497
501
581
598
649
667
677
679
720
740
777
779
841
849
913
923
979
1107
1127
1131
1269
1282
1289
1334
1341
1411
1441
1505
1549
1608
1639
1648
1652
1728
1785
1799
1868
1886
1943
1990
2001
2035
2095
2097
2098
2101
2113
2142
2146
2150
2195
2264
2276
2286
2309
2373
2381
2382
2392
2427
2656
2659
2697
2709
2719
2731
2790
2816
2843
2864
2906
2936
2966
3138
3150
3191
3201
3218
3225
3260
3297
3307
3311
3370
3439
3445
3460
3533
3596
3621
3638
3639
3675
3733
3736
3764
3808
3835
3875
3908
3913
3956
3959
3971
3993
4044
4045
4046
4076
4080
4093
4121
4134
4238
4306
4321
4397
4415
4438
4451
4462
4523
4531
4547
4573
4586
4599
4635
4661
4711
4721
4730
4758
4772
4853
4892
4904
4970
4988
5018
5078
5089
5113
5164
5169
5230
5240
5272
5304
5351
5362
5379
5395
5469
5490
5504
5505
5517
5565
5602
5611
5612
5656
5669
5790
5870
5895
5926
5945
5960
5978
5985
6080
6084
6116
6135
6181
6204
6225
6248
6274
6280
6334
6424
6491
6506
6585
6586
6649
6726
6749
6765
6884
6935
6996
6999
7050
7094
7096
7217
7239
7245
7307
7309
7310
7409
7438
7475
7505
7622
7679
7725
7732
7743
7751
7762
7764
7770
7783
7822
7874
7907
7942
8038
8042
8051
8075
8083
8091
8107
8140
8163
8197
8248
8265
8271
8283
8286
8306
8355
8358
8371
8393
8448
8501
8512
8535
8544
8551
8570
8582
8659
8681
8695
8703
8709
8718
8724
8728
8766
8784
8856
8887
8904
8915
8919
8965
8976
8977
9055
9073
9089
9101
9151
9270
9281
9286
9297
9331
9337
9343
9370
9381
9393
9412
9487
9497
9529
9532
9553
9579
9601
9657
9660
9675
9738
9739
9748
9780
9791
9802
9897
9922
9960
10001
10029
10034
10041
10050
10054
10085
10102
10131
10136
10150
10189
10191
10217
10262
10369
10404
10406
10411
10435
10437
10453
10525
10532
10571
10589
10611
10622
10659
10676
10708
10737
10762
10857
10869
10882
10905
10924
10929
10934
10949
10966
10979
11008
11018
11066
11172
11208
11247
11277
11294
11298
11365
11371
11372
11373
11374
11383
11421
11423
11436
11444
11464
11508
11522
11553
11595
11651
11666
11683
11690
11725
11762
11831
11838
11860
11862
11884
11903
11923
11985
11991
11997
12055
12114
12115
12120
12128
12138
12161
12231
12235
12266
12268
12354
12445
12461
12478
12482
12505
12522
12561
12605
12706
12758
12824
12830
12877
12895
12902
12903
12905
12919
12925
12932
12968
12992
13009
13050
13098
13160
13174
13220
13231
13240
13275
13278
13286
13303
13317
13320
13433
13435
13442
13489
13509
13527
13547
13551
13559
13579
13592
13629
13675
13752
13759
13772
13776
13802
13827
13834
13848
13887
13951
13955
13960
14033
14036
14042
14044
14049
14106
14114
14147
14183
14197
14207
14211
14250
14315
14321
14414
14447
14448
14505
14517
14518
14595
14614
14622
14656
14669
14763
14783
14787
14801
14835
14837
14874
14876
14916
14957
14972
15016
15030
15085
15110
15130
15135
15146
15154
15155
15157
15210
15261
15263
15311
15330
15382
15403
15427
15471
15534
15539
15549
15569
15576
15588
15603
15655
15704
15710
15721
15754
15790
15809
15842
15843
15875
15902
15929
16020
16031
16035
16045
16100
16132
16145
16168
16188
16196
16215
16230
16250
16296
16297
16360
16395
16497
16515
16521
16534
16540
16554
16609
16637
16656
16671
16686
16769
16789
16794
16812
16813
16834
16837
16849
16867
16896
16902
16937
16969
17003
17088
17116
17120
17225
17267
17312
17341
17348
17363
17371
17393
17455
17469
17482
17497
17582
17584
17667
17669
17672
17736
17748
17752
17822
17834
17867
17899
17907
17911
17963
17978
18008
18071
18076
18101
18146
18152
18232
18238
18288
18311
18314
18331
18378
18391
18412
18431
18455
18469
18472
18534
18569
18572
18617
18618
18657
18668
18726
18766
18794
18827
18875
18928
19048
19073
19094
19097
19100
19167
19222
19244
19257
19265
19269
19284
19308
19357
19488
19584
19627
19653
19740
19746
19801
19846
19877
19903
19988
20003
20054
20078
20141
20164
20222
20231
20392
20426
20460
20567
20629
20665
20750
20821
20949
20953
20966
20992
20994
21043
21077
21088
21130
21156
21163
21200
21201
21204
21261
21292
21348
21373
21387
21402
21457
21465
21500
21508
21517
21521
21586
21604
21610
21614
21653
21677
21729
21746
21751
21776
21843
21876
21935
21959
21969
21970
21984
22021
22027
22041
22045
22055
22057
22078
22112
22116
22157
22176
22178
22193
22203
22246
22280
22288
22383
22422
22441
22462
22479
22485
22495
22518
22523
22575
22658
22677
22717
22779
22806
22871
22906
22907
22932
22937
23022
23031
23034
23102
23119
23189
23202
23241
23262
23264
23271
23285
23349
23356
23417
23509
23557
23567
23646
23670
23813
23951
23963
23999
24060
24075
24079
24099
24157
24180
24257
24266
24290
24295
24300
24341
24360
24366
24367
24406
24433
24462
24517
24547
24567
24596
24696
24732
24774
24782
24800
24801
24831
24850
24991
25036
25073
25102
25192
25204
25267
25282
25298
25311
25336
25337
25363
25376
25386
25398
25416
25435
25504
25514
25519
25542
25567
25581
25605
25632
25645
25697
25778
25812
25840
25842
25878
25903
25904
25926
25956
25963
25970
25971
26008
26024
26038
26045
26106
26123
26162
26179
26214
26228
26283
26344
26352
26371
26441
26452
26458
26472
26606
26619
26645
26667
26706
26713
26756
26771
26787
26805
26808
26894
26928
26974
26993
27051
27059
27062
27089
27090
27151
27161
27235
27248
27250
27254
27277
27281
27313
27326
27334
27382
27458
27471
27481
27509
27552
27554
27555
27570
27579
27646
27662
27680
27742
27784
27808
27834
27838
27845
27856
27871
27874
27899
27974
28033
28050
28057
28207
28229
28323
28329
28409
28431
28453
28518
28524
28543
28556
28685
28694
28696
28703
28742
28802
28810
28815
28825
28841
28852
28853
28855
28875
28889
28896
28912
28924
28934
28937
28980
28994
28996
29018
29065
29079
29082
29086
29089
29120
29139
29181
29203
29212
29289
29305
29319
29321
29348
29352
29367
29448
29480
29484
29496
29534
29582
29616
29619
29633
29654
29663
29688
29722
29855
30009
30060
30066
30091
30117
30129
30135
30149
30157
30222
30287
30305
30324
30341
30370
30402
30460
30477
30491
30536
30546
30588
30591
30643
30671
30715
30728
30769
30779
30830
30839
30862
30877
30890
30893
30918
30921
30931
30968
30978
31048
31057
31080
31082
31090
31140
31146
31159
31181
31256
31258
31261
31332
31333
31366
31470
31480
31559
31563
31583
31594
31595
31708
31815
31849
31949
31965
32036
32067
32084
32138
32145
32229
32233
32261
32388
32429
32444
32522
32552
32593
32601
32619
32628
32639
32646
32674
32703
32711
32730
32750
32845
32876
32887
32972
32980
33020
33022
33067
33103
33113
33135
33165
33196
33222
33238
33271
33342
33368
33387
33398
33428
33465
33485
33488
33502
33547
33604
33613
33619
33631
33632
33714
33735
33757
33776
33791
33793
33859
33862
33961
33965
33972
34008
34016
34058
34157
34173
34193
34196
34213
34219
34261
34314
34344
34381
34392
34394
34396
34441
34470
34493
34562
34582
34605
34680
34764
34768
34797
34817
34829
34844
34848
34874
34949
34971
34975
35022
35064
35066
35092
35136
35142
35169
35174
35185
35243
35244
35319
35353
35377
35431
35524
35534
35571
35592
35600
35622
35723
35724
35727
35732
35774
35779
35813
35837
35842
35852
35857
35884
35943
35954
36072
36085
36117
36161
36162
36175
36226
36317
36358
36369
36384
36428
36443
36461
36569
36571
36623
36657
36661
36721
36874
36960
36986
36992
37015
37069
37092
37110
37137
37151
37155
37180
37205
37291
37305
37309
37386
37421
37441
37460
37470
37492
37522
37554
37608
37651
37663
37664
37679
37680
37697
37718
37730
37750
37759
37777
37811
37858
37884
37886
37908
37925
37941
37944
38007
38014
38022
38046
38132
38135
38138
38158
38187
38233
38262
38269
38274
38277
38291
38326
38343
38365
38381
38466
38511
38531
38540
38559
38649
38702
38774
38780
38835
38839
38863
38896
38905
39021
39067
39085
39139
39147
39189
39194
39218
39231
39244
39253
39313
39324
39326
39385
39390
39437
39443
39508
39518
39606
39613
39728
39755
39759
39790
39806
39826
39831
39881
39894
39904
39906
39950
39966
40017
40046
40058
40072
40076
40119
40136
40140
40183
40300
40302
40366
40403
40433
40438
40498
40517
40523
40525
40535
40559
40576
40594
40638
40645
40647
40726
40785
40813
40837
40857
40860
40867
40882
40893
40902
40905
40917
40927
40937
40945
40967
40969
40976
40999
41075
41080
41100
41148
41151
41156
41169
41190
41196
41204
41216
41272
41289
41331
41345
41398
41412
41434
41489
41516
41576
41594
41600
41616
41617
41628
41667
41683
41719
41730
41760
41764
41778
41814
41852
41867
41884
41950
41952
41960
41999
42013
42022
42068
42105
42106
42181
42233
42242
42255
42261
42280
42361
42362
42392
42393
42400
42447
42481
42489
42531
42534
42567
42596
42605
42615
42633
42650
42701
42702
42735
42737
42751
42752
42757
42790
42831
42858
42900
42942
42974
42987
43041
43109
43213
43223
43231
43260
43323
43339
43358
43363
43371
43375
43395
43480
43504
43531
43557
43618
43623
43625
43629
43645
43648
43692
43759
43795
43807
43817
43868
43872
43928
43935
44046
44136
44147
44213
44219
44273
44371
44401
44441
44467
44509
44526
44558
44567
44572
44609
44649
44757
44763
44819
44840
44889
44896
44898
44910
44938
44970
44975
45028
45037
45131
45151
45152
45166
45212
45219
45251
45293
45347
45411
45425
45427
45433
45467
45521
45530
45603
45653
45663
45714
45804
45843
45858
45872
45907
45919
45930
45944
45957
45979
45984
46018
46038
46063
46071
46075
46180
46183
46187
46208
46216
46232
46251
46335
46348
46359
46444
46484
46504
46562
46582
46593
46614
46647
46670
46688
46693
46758
46801
46817
46840
46850
46875
46894
46895
46900
46904
46943
46966
46982
47178
47187
47203
47212
47228
47234
47257
47294
47305
47315
47405
47424
47457
47466
47475
47506
47516
47558
47601
47670
47713
47744
47751
47759
47763
47801
47819
47822
47828
47919
47929
47930
47941
47942
47965
47966
47969
48001
48020
48025
48052
48094
48103
48104
48116
48123
48152
48163
48167
48203
48339
48350
48371
48416
48425
48426
48454
48455
48494
48498
48528
48550
48558
48601
48651
48652
48678
48683
48689
48788
48795
48807
48867
48885
48951
49087
49123
49138
49146
49154
49157
49166
49180
49219
49240
49248
49265
49284
49301
49418
49522
49591
49642
49687
49789
49798
49804
49831
49894
49920
49958
49971
50003
50019
50073
50082
50113
50165
50189
50207
50209
50237
50238
50242
50345
50355
50393
50410
50420
50442
50483
50507
50518
50520
50537
50572
50600
50637
50644
50686
50724
50750
50760
50765
50774
50780
50856
50875
50890
50903
50974
50988
51021
51023
51033
51040
51058
51089
51096
51100
51150
51236
51290
51355
51393
51449
51499
51514
51607
51663
51685
51689
51728
51734
51804
51814
51854
51885
51907
51962
51988
51989
51994
52004
52015
52045
52127
52129
52168
52178
52180
52198
52233
52347
52357
52375
52461
52468
52497
52499
52553
52587
52673
52675
52686
52694
52753
52871
52883
52909
52923
52946
52957
53031
53042
53056
53081
53083
53197
53199
53240
53271
53284
53320
53333
53399
53459
53460
53479
53544
53547
53565
53583
53599
53634
53650
53686
53772
53779
53803
53818
53841
53905
53923
53927
53973
54071
54123
54144
54157
54168
54206
54210
54310
54319
54453
54460
54484
54555
54567
54571
54600
54629
54633
54669
54704
54785
54807
54819
54822
54828
54864
54897
54899
54900
54983
55001
55016
55086
55089
55159
55168
55190
55302
55366
55432
55441
55461
55469
55470
55485
55494
55495
55561
55575
55620
55632
55636
55687
55707
55711
55728
55862
55883
55891
55925
55934
55971
56000
56034
56035
56040
56117
56122
56154
56209
56225
56242
56248
56257
56317
56325
56359
56368
56382
56405
56424
56433
56438
56448
56476
56512
56514
56587
56589
56607
56674
56816
56857
56867
56890
57006
57034
57050
57054
57059
57064
57093
57165
57191
57233
57255
57259
57394
57421
57533
57562
57636
57647
57671
57716
57745
57775
57779
57784
57807
57815
57825
57955
57970
58045
58078
58086
58130
58133
58148
58149
58169
58186
58207
58231
58302
58321
58353
58354
58371
58380
58419
58433
58454
58455
58462
58547
58552
58578
58584
58599
58715
58766
58787
58828
58845
58848
58910
58961
58993
59020
59063
59093
59124
59180
59205
59216
59232
59243
59244
59246
59250
59261
59318
59370
59396
59404
59452
59469
59477
59481
59489
59502
59549
59644
59645
59652
59655
59658
59745
59748
59829
59867
59882
59884
59887
59900
59909
59924
59948
60074
60076
60100
60212
60238
60299
60319
60320
60324
60387
60402
60494
60598
60736
60861
60884
60887
60905
60934
60966
60976
60983
61009
61023
61071
61078
61094
61110
61125
61145
61182
61194
61266
61288
61290
61344
61374
61386
61399
61488
61496
61541
61552
61569
61610
61657
61673
61692
61716
61836
61851
61867
61882
61883
61906
61919
61927
62049
62115
62212
62296
62347
62350
62459
62472
62537
62609
62620
62705
62824
62869
62891
62900
62928
62937
62940
62956
62994
62996
63010
63027
63029
63057
63087
63137
63138
63152
63182
63201
63268
63272
63288
63308
63336
63347
63393
63423
63435
63436
63442
63499
63606
63751
63765
63768
63831
63841
63871
63916
63957
63988
64021
64104
64135
64145
64186
64190
64226
64231
64274
64296
64309
64340
64362
64376
64390
64443
64445
64524
64529
64567
64598
64651
64658
64679
64712
64726
64801
64827
64832
64886
64910
64937
64952
64976
64991
65009
65033
65037
65050
65086
65094
65120
65146
65167
65220
65369
65450
65473
65507
65516
65534
65617
65634
65648
65655
65736
65780
65800
65811
65854
65863
65864
65915
66033
66103
66132
66140
66144
66176
66209
66211
66220
66251
66299
66311
66323
66366
66392
66458
66516
66530
66533
66574
66580
66621
66635
66695
66734
66740
66750
66784
66798
66800
66824
66829
66841
66861
66883
66910
66958
66966
66978
66997
67040
67077
67082
67140
67145
67152
67234
67243
67251
67263
67272
67277
67294
67318
67348
67391
67428
67431
67433
67458
67488
67570
67575
67601
67613
67626
67630
67633
67644
67678
67682
67722
67748
67764
67801
67814
67854
67857
67858
67865
67870
67878
67883
67889
67903
67907
67948
67972
67978
67989
68096
68156
68177
68211
68216
68273
68284
68290
68388
68418
68457
68460
68565
68591
68659
68690
68722
68736
68784
68785
68798
68819
68821
68824
68860
68903
68917
68979
68983
69008
69107
69170
69219
69252
69254
69290
69445
69449
69455
69516
69554
69571
69598
69643
69699
69794
69820
69847
69852
69888
69908
69914
69925
69937
70001
70012
70031
70057
70063
70102
70154
70191
70231
70286
70317
70334
70341
70356
70382
70401
70472
70485
70487
70506
70519
70541
70604
70614
70618
70619
70669
70691
70694
70716
70793
70877
70896
70905
70907
70923
70972
70979
70995
71010
71028
71054
71064
71070
71140
71174
71211
71268
71293
71304
71312
71325
71331
71432
71518
71526
71528
71536
71573
71578
71647
71663
71667
71688
71724
71745
71758
71772
71790
71809
71813
71851
71853
71872
71900
71943
71947
71990
71995
72029
72038
72040
72064
72068
72069
72075
72123
72131
72141
72155
72213
72225
72229
72304
72323
72357
72375
72376
72467
72523
72528
72542
72602
72612
72636
72644
72714
72752
72760
72773
72814
72821
72902
72935
72989
73033
73115
73116
73127
73216
73229
73256
73273
73294
73307
73337
73359
73381
73390
73469
73481
73527
73536
73546
73561
73563
73628
73646
73704
73780
73795
73802
73816
73873
73894
73956
73960
73973
74019
74021
74031
74098
74120
74128
74152
74159
74213
74254
74303
74306
74327
74368
74392
74403
74427
74448
74553
74581
74675
74702
74732
74735
74781
74795
74815
74818
74909
74913
74959
74984
75003
75011
75048
75055
75068
75073
75087
75097
75117
75157
75452
75494
75559
75587
75612
75628
75632
75704
75784
75817
75845
75906
75908
75957
75970
75977
76017
76021
76077
76086
76112
76117
76152
76256
76297
76348
76381
76388
76412
76421
76459
76466
76483
76488
76489
76506
76540
76541
76544
76569
76609
76636
76637
76650
76663
76719
76741
76766
76784
76793
76835
76843
76850
76871
76875
76878
76887
76912
76955
76984
77015
77046
77067
77081
77090
77155
77190
77255
77261
77281
77321
77324
77353
77372
77384
77439
77466
77468
77488
77493
77537
77544
77548
77563
77594
77598
77643
77697
77711
77712
77722
77730
77734
77745
77764
77776
77786
77834
77849
77873
77874
77911
77922
77929
77943
77976
78002
78083
78098
78134
78185
78200
78246
78270
78284
78286
78349
78394
78395
78437
78455
78481
78496
78534
78584
78679
78734
78747
78788
78807
78878
78885
78902
78920
78952
78970
78973
79003
79050
79058
79062
79084
79106
79166
79169
79219
79278
79292
79316
79347
79381
79400
79427
79452
79511
79573
79672
79737
79770
79779
79796
79822
79847
79851
79884
79927
79977
80060
80096
80154
80184
80189
80208
80266
80370
80380
80434
80451
80453
80475
80480
80481
80483
80528
80542
80662
80717
80762
80771
80792
80793
80808
80827
80914
80946
81025
81032
81097
81132
81137
81277
81465
81478
81579
81607
81654
81659
81670
81684
81688
81712
81957
81980
82005
82014
82028
82065
82073
82084
82090
82126
82161
82208
82226
82248
82317
82363
82375
82397
82457
82481
82500
82522
82551
82576
82623
82644
82682
82731
82733
82753
82783
82818
82830
82889
82916
82950
82963
83012
83055
83075
83111
83141
83152
83220
83271
83273
83284
83298
83341
83351
83353
83377
83384
83397
83450
83478
83512
83528
83538
83543
83561
83573
83584
83596
83629
83707
83788
83793
83808
83809
83812
83828
83866
83889
83890
83912
83914
83978
84015
84051
84066
84101
84105
84141
84144
84164
84177
84198
84276
84294
84314
84325
84361
84380
84407
84438
84483
84489
84501
84520
84561
84576
84620
84628
84636
84642
84669
84788
84796
84851
84880
84908
84910
84932
84933
84948
84952
85015
85030
85032
85053
85082
85163
85204
85214
85240
85253
85256
85264
85276
85319
85320
85330
85335
85393
85432
85456
85533
85625
85630
85791
85792
85800
85803
85811
85864
85878
85892
85899
85949
85968
85973
86044
86047
86050
86136
86145
86170
86184
86196
86223
86252
86331
86347
86406
86414
86444
86461
86482
86525
86547
86549
86556
86621
86648
86701
86726
86744
86776
86804
86814
86827
86845
86881
86887
86918
86926
86989
86990
87055
87069
87084
87087
87151
87158
87172
87174
87227
87232
87262
87313
87331
87376
87392
87437
87498
87502
87568
87614
87688
87696
87743
87782
87827
87835
87837
87855
87869
87891
87898
87927
87964
87970
88047
88062
88122
88128
88133
88146
88151
88197
88237
88283
88317
88328
88416
88442
88461
88481
88484
88508
88647
88648
88657
88696
88707
88720
88725
88780
88791
88835
88849
88851
88867
88937
88993
89001
89041
89074
89115
89137
89157
89179
89180
89194
89195
89219
89240
89246
89265
89294
89356
89370
89424
89428
89443
89456
89507
89563
89570
89587
89588
89602
89634
89668
89670
89679
89703
89715
89742
89750
89786
89807
89823
89828
89856
89951
89954
90054
90077
90106
90144
90156
90167
90312
90346
90423
90424
90434
90449
90516
90581
90687
90705
90717
90777
90819
90854
90903
90932
90941
90950
90952
90956
90970
91012
91018
91036
91088
91136
91188
91205
91222
91263
91280
91318
91334
91339
91363
91411
91415
91419
91423
91453
91518
91542
91551
91599
91661
91736
91759
91764
91816
91838
91855
91886
91900
91902
91973
92013
92030
92113
92147
92152
92161
92198
92204
92206
92235
92282
92295
92372
92403
