57
117
136
137
170
183
184
255
340
359
444
488
500
507
519
524
526
546
595
601
606
611
711
729
792
814
827
828
878
903
950
951
1027
1039
1112
1128
1195
1350
1374
1382
1549
1562
1579
1627
1636
1728
1758
1838
1897
1964
1998
2013
2111
2182
2192
2282
2306
2368
2425
2443
2480
2551
2559
2563
2564
2589
2620
2623
2632
2677
2763
2779
2786
2813
2903
2912
2915
2926
2969
3239
3247
3293
3309
3323
3337
3414
3449
3463
3472
3503
3555
3578
3617
3839
3857
3898
3931
3940
3981
4022
4038
4042
4113
4188
4197
4235
4321
4402
4433
4447
4456
4483
4556
4562
4593
4645
4672
4727
4776
4787
4827
4840
4859
4867
4926
4934
4951
4974
4997
5001
5021
5037
5178
5258
5277
5385
5391
5417
5446
5514
5539
5569
5595
5601
5607
5659
5668
5692
5755
5769
5778
5816
5819
5919
5977
5980
6081
6083
6125
6195
6203
6238
6312
6316
6390
6402
6459
6472
6547
6551
6565
6608
6679
6702
6722
6733
6736
6801
6841
6856
6859
6925
6943
7079
7178
7180
7254
7274
7278
7291
7321
7418
7441
7455
7466
7496
7566
7585
7596
7639
7654
7680
7752
7836
7934
7950
8034
8050
8106
8220
8237
8256
8426
8492
8539
8561
8585
8657
8665
8814
8862
8877
8900
8901
8919
9054
9064
9149
9162
9286
9370
9430
9437
9450
9459
9471
9481
9500
9514
9568
9604
9641
9670
9805
9836
9843
9845
9861
9888
9928
9946
9969
10021
10042
10076
10102
10117
10130
10179
10199
10220
10237
10344
10364
10403
10422
10426
10446
10462
10496
10591
10594
10596
10624
10628
10632
10636
10690
10733
10825
10846
10891
10912
10920
10932
10954
10983
11063
11094
11105
11108
11161
11319
11335
11358
11376
11381
11421
11430
11441
11452
11496
11516
11590
11608
11613
11648
11684
11690
11759
11792
11805
11816
11867
11887
11925
11931
11937
11949
12088
12123
12158
12183
12229
12254
12278
12282
12296
12334
12335
12354
12394
12416
12444
12473
12511
12533
12688
12698
12700
12723
12738
12740
12763
12873
12883
12894
12918
12933
13003
13008
13036
13092
13099
13153
13239
13255
13268
13302
13319
13339
13340
13350
13382
13386
13418
13425
13458
13552
13623
13658
13715
13766
13773
13785
13871
13894
13898
13924
13927
13931
13947
13978
13986
13987
14033
14073
14082
14142
14168
14190
14260
14284
14297
14304
14322
14327
14362
14413
14431
14462
14500
14520
14562
14572
14609
14639
14680
14690
14776
14778
14816
14819
14822
14834
14937
14962
14973
14991
15059
15113
15212
15220
15250
15252
15259
15309
15329
15340
15368
15514
15556
15637
15640
15711
15714
15727
15738
15745
15757
15761
15778
15849
15855
15862
15940
15974
16057
16113
16133
16138
16183
16196
16225
16270
16291
16313
16371
16409
16453
16474
16501
16515
16518
16554
16564
16596
16603
16609
16700
16788
16821
16834
16840
16901
16907
16921
16927
16982
16998
17006
17043
17091
17111
17118
17124
17141
17172
17188
17203
17272
17273
17324
17328
17352
17368
17455
17458
17617
17622
17643
17734
17742
17764
17837
17876
17889
17935
17941
18037
18051
18059
18068
18072
18089
18118
18179
18250
18255
18295
18341
18357
18451
18465
18477
18489
18501
18506
18513
18538
18553
18585
18598
18672
18736
18754
18760
18888
18928
18945
18957
19010
19018
19033
19091
19115
19151
19154
19177
19181
19287
19300
19315
19324
19383
19419
19448
19477
19539
19556
19583
19606
19667
19670
19675
19711
19765
19768
19775
19778
19839
19850
19859
19883
19945
20035
20085
20102
20148
20158
20184
20220
20226
20270
20320
20334
20341
20390
20466
20484
20493
20537
20569
20572
20590
20609
20692
20697
20702
20756
20776
20860
20902
20930
21040
21132
21149
21178
21234
21241
21243
21247
21306
21334
21373
21392
21453
21515
21538
21550
21641
21656
21716
21745
21790
21816
21818
21844
21891
21911
21930
21948
21968
22025
22113
22129
22137
22197
22315
22328
22341
22360
22377
22394
22442
22452
22474
22529
22555
22569
22599
22638
22641
22644
22668
22725
22744
22779
22884
22956
22970
22990
23097
23150
23282
23283
23300
23302
23367
23429
23509
23531
23562
23582
23598
23604
23641
23683
23848
23962
23981
24003
24115
24146
24147
24279
24294
24316
24401
24460
24465
24594
24612
24657
24660
24693
24764
24975
24984
25057
25059
25164
25316
25339
25426
25515
25534
25562
25601
25604
25642
25731
25747
25771
25821
25830
25871
25909
25915
25929
25943
25990
26024
26065
26089
26128
26207
26289
26296
26315
26343
26348
26353
26365
26431
26444
26505
26507
26509
26522
26530
26639
26690
26818
26822
26850
26868
26882
26899
26913
26918
26920
26933
26951
26975
27013
27022
27079
27097
27133
27145
27187
27195
27239
27331
27345
27365
27405
27423
27467
27469
27479
27510
27571
27593
27709
27742
27762
27845
27920
27946
27954
27998
28028
28068
28122
28163
28214
28295
28321
28335
28366
28401
28404
28446
28470
28554
28593
28648
28714
28725
28734
28857
28904
29137
29250
29269
29304
29329
29388
29411
29433
29475
29577
29598
29607
29663
29672
29701
29788
29802
29819
29846
29847
29851
29862
29931
29953
29963
29971
30098
30226
30240
30279
30292
30298
30341
30382
30516
30561
30575
30686
30701
30702
30796
30923
30950
30953
30962
30976
30984
30994
31018
31020
31026
31038
31046
31079
31131
31147
31152
31216
31232
31287
31305
31312
31383
31452
31473
31557
31600
31601
31620
31625
31684
31695
31715
31745
31754
31836
31871
31886
31895
31923
31935
31946
32003
32017
32073
32078
32103
32138
32201
32234
32261
32266
32305
32416
32472
32538
32617
32633
32636
32682
32742
32759
32760
32888
32929
32951
32991
33000
33039
33087
33118
33138
33145
33150
33216
33243
33245
33269
33303
33318
33362
33390
33416
33443
33472
33517
33545
33549
33604
33629
33678
33686
33695
33700
33731
33732
33751
33870
33910
33932
33965
33971
33997
34008
34060
34084
34087
34126
34133
34160
34240
34343
34358
34566
34616
34651
34659
34661
34715
34757
34774
34795
34878
34988
34996
35065
35096
35121
35147
35151
35163
35179
35237
35238
35257
35258
35269
35311
35326
35332
35350
35368
35380
35410
35426
35431
35433
35445
35487
35553
35564
35579
35606
35633
35685
35690
35697
35803
35835
35860
35880
35895
35917
35919
35926
35981
36060
36061
36091
36157
36159
36194
36202
36216
36325
36337
36498
36615
36642
36644
36715
36737
36797
36846
36874
36875
36879
36984
37007
37034
37082
37130
37150
37169
37185
37212
37254
37258
37296
37427
37439
37448
37537
37559
37575
37595
37637
37660
37698
37710
37731
37741
37781
37814
37833
37848
37852
37868
37930
37969
38008
38020
38071
38072
38079
38087
38135
38158
38223
38249
38291
38373
38436
38482
38526
38534
38557
38560
38561
38705
38938
38953
38959
39003
39054
39138
39156
39250
39279
39323
39441
39487
39495
39658
39697
39706
39728
39784
39858
39877
39886
39901
39930
39944
39968
39994
40000
40001
40019
40082
40113
40168
40223
40321
40378
40405
40447
40469
40532
40538
40617
40622
40635
40643
40652
40657
40679
40709
40813
40835
40857
40929
40946
40964
40988
40997
41003
41050
41083
41123
41133
41140
41176
41194
41205
41233
41366
41427
41465
41466
41500
41615
41620
41661
41678
41716
41777
41779
41826
41862
41873
41906
41919
42002
42008
42035
42055
42060
42185
42281
42359
42373
42428
42458
42473
42524
42566
42586
42591
42608
42614
42659
42702
42771
42789
42803
42806
42811
42842
42904
42936
42938
43027
43045
43047
43096
43135
43228
43264
43276
43423
43465
43499
43506
43548
43564
43586
43595
43621
43648
43673
43713
43719
43745
43766
43767
43779
43896
43919
43935
44076
44121
44139
44142
44161
44239
44277
44382
44457
44460
44480
44533
44554
44562
44628
44640
44715
44801
44812
44938
45080
45083
45198
45217
45234
45271
45316
45317
45344
45357
45397
45486
45537
45546
45605
45644
45662
45743
45756
45763
45797
45866
45911
45931
45932
45938
45944
45977
46007
46024
46057
46069
46096
46155
46204
46210
46220
46262
46278
46288
46314
46363
46395
46475
46521
46554
46557
46602
46635
46650
46651
46674
46676
46686
46688
46701
46726
46750
46793
46797
46831
46900
46938
46962
46966
47058
47092
47244
47314
47316
47359
47440
47449
47451
47614
47641
47646
47709
47742
47751
47761
47846
47890
47971
47986
47991
48016
48036
48063
48068
48085
48087
48095
48116
48189
48252
48334
48348
48412
48415
48518
48524
48550
48602
48613
48625
48629
48683
48688
48708
48723
48804
48805
48828
48868
48919
48933
48944
48984
49002
49058
49080
49113
49155
49236
49258
49359
49383
49398
49414
49417
49424
49453
49517
49584
49591
49678
49685
49705
49770
49788
49835
49860
49882
49893
49904
49913
49928
49945
49949
49954
49986
50020
50032
50055
50058
50086
50103
50113
50114
50121
50130
50136
50184
50203
50282
50342
50346
50367
50385
50423
50426
50468
50495
50549
50590
50629
50648
50671
50674
50695
50762
50774
50805
50845
50849
50916
50936
50951
50954
51028
51057
51109
51148
51159
51178
51179
51185
51194
51226
51232
51286
51288
51377
51379
51417
51515
51519
51523
51584
51587
51611
51707
51728
51730
51741
51793
51794
51825
51864
51875
51891
51956
52015
52017
52059
52060
52095
52104
52109
52182
52242
52244
52245
52294
52365
52366
52370
52371
52403
52432
52493
52516
52521
52660
52663
52773
52804
52890
52908
52915
52916
52935
52952
52969
53012
53023
53034
53142
53157
53216
53241
53250
53273
53280
53309
53431
53452
53476
53493
53534
53573
53576
53644
53748
53805
54044
54061
54138
54150
54158
54265
54297
54351
54360
54470
54478
54494
54531
54548
54556
54578
54612
54624
54735
54761
54820
54844
54858
54897
54922
54955
55026
55035
55077
55100
55119
55166
55207
55220
55242
55332
55388
55462
55507
55548
55550
55607
55616
55629
55679
55684
55713
55845
55853
55871
55919
55930
55942
55982
55987
56040
56143
56163
56164
56211
56214
56216
56220
56262
56290
56292
56299
56330
56342
56424
56446
56491
56514
56552
56663
56725
56747
56762
56835
56854
56930
56945
56956
56978
57039
57152
57179
57183
57242
57258
57288
57298
57319
57338
57340
57348
57384
57460
57550
57573
57599
57662
57742
57779
57780
57786
57800
57836
57870
57884
57906
57958
57992
58018
58073
58194
58195
58210
58230
58298
58305
58334
58385
58394
58417
58435
58437
58450
58500
58521
58522
58524
58540
58593
58633
58677
58695
58697
58706
58709
58724
58809
58813
58837
58850
58895
58938
59011
59018
59048
59073
59161
59169
59176
59178
59181
59236
59237
59327
59329
59346
59361
59385
59391
59459
59466
59483
59488
59525
59595
59616
59806
59827
59849
59856
59903
59987
59996
60027
60070
60095
60102
60104
60114
60115
60130
60229
60272
60278
60404
60504
60605
60667
60819
60841
60859
60875
60891
60916
60950
60953
61017
61082
61124
61166
61194
61198
61212
61248
61311
61348
61359
61366
61367
61412
61416
61472
61562
61669
61673
61729
61790
61798
61804
61805
61814
61832
61850
61868
61956
61958
61991
62034
62060
62085
62101
62172
62219
62221
62252
62264
62265
62290
62314
62334
62376
62386
62389
62390
62442
62452
62461
62592
62812
62847
62850
62994
63028
63044
63075
63109
63147
63172
63292
63452
63476
63480
63494
63508
63532
63535
63545
63548
63586
63629
63654
63660
63668
63774
63815
63856
63883
63915
63932
63944
63952
64008
64078
64169
64296
64309
64353
64471
64488
64504
64524
64583
64652
64655
64665
64692
64736
64806
64835
64847
64916
64960
64964
65001
65045
65124
65144
65154
65229
65280
65334
65387
65442
65481
65491
65499
65584
65609
65631
65648
65649
65660
65731
65779
65844
65866
65926
65972
65987
66047
66069
66173
66195
66238
66267
66331
66333
66396
66580
66633
66649
66653
66692
66729
66764
66791
66830
66892
66899
66954
66956
66980
66999
67035
67038
67110
67119
67137
67172
67209
67243
67351
67358
67429
67562
67567
67608
67667
67693
67712
67723
67752
67763
67837
67895
67912
67917
67934
67963
67969
68058
68163
68167
68177
68208
68225
68262
68266
68344
68349
68375
68472
68497
68583
68625
68637
68701
68704
68710
68720
68752
68756
68779
68796
68808
68827
68836
68887
68896
68899
68902
68949
68964
68977
69051
69061
69102
69120
69177
69390
69415
69556
69618
69619
69624
69647
69762
69774
69779
69819
69853
69875
69877
69933
70040
70084
70245
70269
70338
70349
70388
70424
70438
70449
70526
70532
70543
70557
70585
70596
70631
70802
70803
70804
70811
70893
70926
70965
71002
71026
71048
71053
71074
71142
71150
71163
71189
71218
71339
71410
71432
71460
71461
71471
71535
71570
71573
71587
71589
71699
71880
71910
71939
71970
71984
71988
71992
72161
72243
72253
72273
72308
72311
72312
72329
72364
72395
72424
72434
72449
72456
72516
72531
72535
72539
72564
72615
72620
72689
72736
72772
72802
72836
72855
72862
72913
72927
72966
73007
73023
73031
73093
73119
73168
73210
73294
73313
73385
73524
73546
73559
73580
73584
73654
73718
73740
73746
73836
73937
73993
74114
74166
74207
74293
74336
74350
74359
74368
74379
74481
74491
74500
74517
74563
74613
74644
74656
74696
74719
74733
74741
74773
74787
74923
74949
75036
75057
75059
75094
75119
75129
75131
75227
75317
75328
75333
75350
75382
75434
75540
75578
75650
75663
75664
75781
75812
75852
75953
75972
76036
76085
76125
76223
76250
76294
76467
76649
76663
76703
76727
76731
76756
76789
76803
76819
76872
76915
76931
76953
77013
77091
77168
77170
77195
77201
77208
77223
77309
77357
77397
77437
77462
77498
77526
77536
77543
77654
77674
77720
77721
77773
77829
77835
77862
77884
77922
77952
78090
78226
78242
78270
78282
78304
78366
78385
78396
78466
78545
78564
78575
78592
78626
78688
78702
78726
78737
78754
78796
78830
78846
78918
78932
78985
79059
79064
79112
79203
79245
79249
79263
79271
79296
79349
79385
79401
79431
79451
79490
79508
79516
79548
79642
79662
79682
79797
80015
80094
80115
80194
80198
80211
80221
80226
80248
80250
80320
80410
80411
80443
80455
80516
80537
80560
80574
80632
80663
80724
80726
80736
80751
80788
80910
80912
80959
81011
81038
81059
81158
81164
81171
81280
81292
81353
81371
81454
81476
81477
81523
81554
81574
81581
81604
81636
81662
81665
81681
81697
81785
81824
81867
81871
81875
81892
81926
81945
81992
82013
82113
82142
82160
82185
82208
82212
82231
82244
82257
82267
82290
82306
82307
82379
82410
82428
82460
82464
82475
82495
82524
82544
82587
82610
82646
82659
82715
82733
82764
82781
82787
82802
82819
82834
82835
82864
82890
82957
82963
82978
82999
83048
83078
83162
83198
83263
83328
83335
83339
83440
83448
83467
83499
83564
83579
83599
83605
83613
83658
83692
83735
83750
83758
83822
83915
83938
83968
84072
84101
84123
84126
84151
84164
84317
84382
84395
84400
84479
84491
84569
84594
84666
84764
84850
84911
84981
84985
85049
85134
85150
85158
85175
85214
85238
85272
85368
85415
85420
85465
85469
85526
85535
85588
85608
85614
85632
85637
85657
85723
85724
85771
85794
85837
85891
85894
85931
85971
85984
85985
86064
86074
86116
86180
86201
86215
86217
86246
86273
86334
86348
86435
86505
86562
86581
86585
86596
86666
86686
86702
86751
86757
86798
86811
86816
86909
86991
86994
87047
87048
87088
87090
87165
87188
87206
87210
87245
87282
87286
87293
87305
87412
87466
87498
87509
87525
87549
87647
87727
87728
87753
87755
87758
87763
87764
87813
87816
87824
87826
87827
87857
87860
87870
87927
87932
87981
87997
88041
88083
88102
88140
88146
88182
88190
88233
88314
88337
88349
88421
88440
88466
88495
88548
88566
88615
88671
88676
88698
88750
88807
88890
88899
88920
88940
89077
89080
89090
89173
89196
89208
89241
89276
89301
89332
89341
89363
89369
89440
89478
89504
89570
89581
89625
89724
89726
89770
89779
89805
89927
89988
90035
90066
90071
90093
90131
90140
90145
90187
90221
90265
90283
90318
90372
90473
90482
90489
90506
90530
90630
90640
90668
90677
90701
90708
90771
90800
90811
90877
91011
91056
91062
91239
91298
91333
91341
91363
91425
91452
91463
91465
91522
91538
91547
91573
91586
91597
91616
91621
91641
91732
91811
91906
91999
92218
92223
92267
92337
92364
92384
92424
92444
92452
92509
92559
92575
92583
92719
92729
92738
92780
92839
92932
92945
93020
93055
93067
93094
93095
93098
93109
93199
93202
93300
93303
93376
93395
93475
93488
93489
93505
93523
93540
93567
93575
93614
93620
93628
93638
93641
93656
93705
93725
93754
93759
93773
93784
93831
93883
93932
93949
93975
93995
94034
94059
94150
94183
94186
94225
94259
94268
94283
94344
94426
94433
94477
94478
94479
94546
94578
94603
94606
94622
94633
94668
94693
94701
94726
94816
94842
94851
94853
94855
94873
94893
94894
94902
94903
94930
94933
94944
94968
95023
95037
95043
95132
95148
95150
95192
95248
95297
95369
95413
95422
95452
95491
95516
95569
95600
95614
95654
95659
95680
95801
95837
95898
95904
95905
95976
96015
96111
96133
96156
96192
96194
96278
96338
96381
96444
96462
96485
96548
96553
96597
96609
96651
96684
96752
96754
96778
96813
96842
96886
96888
96892
97053
97054
97055
97152
97178
97216
97246
97331
97341
97371
97396
97514
97560
97586
97627
97745
97825
97857
97896
97964
97972
97994
98064
98104
98150
98206
98218
98223
98237
98319
98435
98467
98562
98586
98600
98604
98605
98634
98690
98720
98750
98788
98853
98919
98955
99008
99101
99154
99398
99399
99505
99506
99546
99570
99614
99694
99704
99811
99879
99887
99914
99956
100016
100017
100029
100033
100040
100154
100194
100196
100210
100271
100371
100379
100424
100456
100484
100511
100558
100568
100650
100724
100729
100841
100907
100932
100960
100972
100984
100988
101029
101037
101067
101098
101130
101182
101223
101237
101254
101298
101367
101383
101490
101538
101568
101583
101705
101737
101753
101755
101783
101835
101849
101875
101903
101945
101951
101955
101958
101985
102055
102062
102111
102151
102258
102270
102281
102284
102287
102390
102447
102492
102507
102510
102524
102562
102570
102610
102641
102644
102649
102683
102686
102706
102716
102778
102789
102815
102828
102875
102879
102886
102897
102973
103009
103031
103119
103145
103161
103171
103224
103235
103267
103281
103303
103306
103415
103487
103504
103526
103544
103601
103602
103639
103644
103646
103655
103741
103752
103773
103789
103824
103855
103918
103968
103977
103981
103998
104010
104115
104128
104158
104183
104189
104194
104245
104262
104337
104349
104485
104550
104553
104624
104632
104676
104677
104681
104759
104812
104959
104960
104979
105003
105057
105198
105205
105206
105223
105231
105259
105261
105315
105334
105335
105385
105416
105491
105518
105542
105576
105692
105732
105747
105758
105796
105803
105855
105860
105887
105890
105901
105959
106044
106056
106058
106070
106125
106142
106163
106213
106227
106237
106281
106291
106296
106462
106543
106564
106572
106593
106609
106616
106637
106664
106689
106763
106781
106838
106901
106962
106967
106993
107020
107044
107057
107060
107104
107145
107193
107220
107243
107263
107358
107362
107434
107437
107449
107450
107457
107512
107562
107579
107600
107623
107639
107683
107758
107803
107835
107874
107940
107950
107978
107993
108032
108046
108061
108113
108180
108188
108221
108275
108294
108383
108478
108512
108535
108596
108611
108668
108735
108744
108754
108796
108808
108818
108855
108963
108964
108978
108989
108993
109001
109011
109049
109066
109072
109091
109157
109184
109252
109275
109302
109304
109354
109358
109382
109388
109413
109422
109446
109452
109574
109581
109627
109640
109645
109670
109771
109795
109993
110090
110133
110154
110200
110226
110232
110260
110332
110359
110432
110434
110444
110445
110515
110578
110717
110820
110839
110905
110910
110919
110964
110979
111050
111102
111157
111212
111239
111284
111314
111334
111348
111364
111384
111408
111411
111461
111481
111537
111556
111605
111699
111705
111806
111819
111825
111857
111903
111909
111927
111932
111940
112040
112110
112269
112336
112378
112487
112502
112510
